<uwimg.MODEL object at 0x7f06a8da6dd0>
The number of rows present are : 785 
The number of cols present are : 10 
-0.011811 	0.038967 	0.027963 	0.041895 	0.029579 	-0.016657 	-0.011508 	-0.000808 	0.015042 	-0.007975 	
-0.013931 	-0.047750 	0.019181 	-0.044519 	0.026550 	0.043005 	0.004038 	-0.007470 	-0.033112 	0.023824 	
-0.029175 	-0.013326 	0.006764 	-0.007168 	0.028468 	0.003029 	0.036544 	-0.038058 	-0.043712 	-0.036847 	
0.043308 	0.030487 	-0.048255 	-0.044620 	-0.043510 	-0.033617 	-0.010802 	-0.004442 	-0.049365 	-0.046236 	
-0.027358 	-0.012821 	-0.007975 	0.042298 	0.028670 	0.003735 	-0.030487 	-0.017767 	-0.018676 	-0.013124 	
-0.008783 	0.002625 	-0.041289 	0.048456 	0.046034 	0.037655 	0.036544 	-0.033314 	0.050072 	-0.022108 	
-0.019685 	0.042904 	-0.041996 	-0.017465 	-0.016556 	0.000505 	0.034929 	0.023118 	-0.018878 	0.036039 	
-0.037958 	0.039876 	0.008278 	0.004543 	0.031699 	-0.013426 	-0.006663 	-0.013729 	-0.046135 	0.025238 	
-0.041693 	0.031093 	-0.022613 	-0.032506 	0.029074 	0.008480 	-0.009792 	0.015244 	0.025642 	-0.010196 	
0.043611 	-0.044418 	0.017767 	-0.013326 	0.024127 	-0.049264 	-0.027661 	0.008682 	-0.040986 	0.003937 	
0.029781 	0.007067 	-0.006663 	-0.012316 	-0.003331 	0.010196 	-0.040683 	0.040582 	-0.018474 	-0.000808 	
0.015345 	0.025843 	-0.020089 	-0.022209 	-0.021603 	-0.005956 	0.036847 	0.019080 	-0.005653 	0.012013 	
-0.006057 	0.023118 	-0.047346 	-0.038664 	-0.040683 	0.027358 	-0.001918 	0.017666 	0.021099 	0.043106 	
0.006764 	0.035939 	-0.000303 	-0.014840 	0.008682 	0.046942 	-0.019584 	0.018474 	-0.028367 	0.012518 	
0.002827 	0.037453 	0.023421 	0.033213 	0.000303 	-0.048557 	-0.023219 	-0.013326 	0.020998 	0.021704 	
-0.016152 	-0.035434 	0.029881 	0.022512 	0.011912 	-0.025742 	0.034929 	-0.004947 	0.042500 	0.005552 	
-0.012215 	-0.001211 	0.026651 	-0.027459 	0.034424 	-0.015143 	-0.030992 	0.000000 	-0.047043 	0.026651 	
-0.037958 	0.041794 	0.049163 	0.035939 	0.024531 	-0.000909 	-0.027560 	-0.013628 	0.036241 	0.044015 	
-0.006865 	0.005148 	-0.006360 	-0.027459 	-0.022714 	-0.009388 	-0.002625 	-0.038260 	0.036140 	-0.010600 	
-0.047548 	-0.026550 	-0.026752 	0.029579 	0.032102 	-0.007268 	-0.036039 	-0.049365 	0.043207 	0.002928 	
0.027862 	-0.009691 	-0.005754 	0.026550 	0.011407 	0.003836 	0.010701 	0.034323 	0.040784 	0.032102 	
-0.037554 	0.018979 	-0.013225 	0.042097 	0.042097 	0.050072 	-0.017767 	0.024531 	-0.003029 	-0.032001 	
-0.001010 	-0.000101 	0.027459 	0.022714 	0.014537 	0.009086 	0.000505 	-0.036443 	0.045832 	0.028872 	
0.017061 	-0.042197 	0.004240 	-0.003634 	-0.030588 	0.000707 	-0.014638 	0.030689 	-0.015345 	0.011206 	
0.012316 	0.033112 	-0.020291 	-0.015849 	0.024834 	0.006865 	-0.016152 	-0.007874 	-0.019080 	0.031295 	
0.010600 	0.030386 	0.016253 	0.023219 	0.038159 	-0.019685 	-0.018171 	0.023824 	-0.005653 	0.012720 	
0.002221 	-0.003533 	0.020998 	-0.008480 	-0.022007 	-0.024430 	0.042803 	0.013830 	-0.044216 	0.012518 	
0.010095 	-0.046841 	-0.004846 	0.040279 	-0.012215 	0.005048 	-0.003230 	-0.043308 	0.047750 	-0.037251 	
0.038462 	0.043409 	0.043712 	0.039775 	0.016152 	-0.034020 	-0.030386 	0.048557 	0.040279 	0.050072 	
0.046336 	0.027560 	0.031598 	0.016960 	-0.031295 	-0.040885 	0.043005 	-0.003432 	-0.041996 	-0.016152 	
-0.041390 	0.018575 	-0.012518 	0.004240 	0.044015 	-0.039674 	-0.005552 	0.025843 	-0.032405 	-0.008278 	
0.039068 	-0.008884 	-0.015345 	-0.033112 	0.016051 	-0.049567 	-0.016556 	-0.029276 	-0.015950 	0.008783 	
-0.029680 	-0.020089 	0.021503 	-0.012922 	-0.018070 	-0.024733 	0.032203 	0.009994 	0.022310 	0.040784 	
0.044317 	0.031396 	0.044418 	0.016859 	0.020695 	-0.027459 	-0.037655 	-0.035333 	0.048860 	0.015950 	
0.042399 	-0.027862 	-0.007874 	-0.023320 	-0.010499 	-0.042298 	0.013124 	-0.041996 	-0.020998 	0.047649 	
0.017364 	0.035333 	0.012619 	-0.011609 	-0.028064 	-0.020291 	0.014133 	-0.046236 	0.040178 	0.021503 	
-0.020392 	-0.031295 	0.002423 	0.009086 	-0.029377 	0.008177 	0.032203 	-0.016556 	0.023421 	-0.034828 	
0.049870 	-0.050072 	-0.012215 	0.027156 	-0.022916 	0.027862 	0.035333 	-0.024733 	0.036342 	-0.036140 	
0.007975 	0.038765 	0.049769 	-0.029781 	0.012215 	0.006764 	0.000404 	0.011407 	0.046538 	0.025642 	
-0.017565 	-0.024329 	0.044822 	-0.030083 	-0.030083 	0.000606 	0.028670 	-0.048355 	0.034525 	0.037150 	
0.002827 	-0.031396 	0.037554 	0.041188 	0.046236 	-0.000202 	-0.046841 	0.031093 	0.025541 	-0.025440 	
-0.019887 	-0.016859 	-0.037049 	0.014941 	0.039371 	0.025642 	0.006764 	0.024834 	-0.013326 	0.002928 	
0.000000 	-0.045832 	0.029074 	0.029982 	-0.025339 	0.049466 	-0.019887 	-0.047144 	-0.013830 	-0.000303 	
-0.024935 	0.039573 	0.018777 	-0.037857 	-0.035131 	0.050072 	0.047952 	-0.031497 	-0.034626 	0.023118 	
-0.006461 	-0.004038 	-0.008682 	0.042500 	-0.004038 	-0.019786 	-0.047649 	-0.047750 	-0.045428 	0.025036 	
0.005653 	0.040582 	0.029680 	0.019887 	0.020089 	-0.046135 	-0.046538 	-0.050274 	-0.007268 	-0.009792 	
0.000000 	0.018272 	0.014840 	0.003836 	-0.034424 	-0.035232 	0.003533 	-0.036948 	-0.016253 	0.019383 	
-0.028771 	-0.037655 	0.000404 	0.013023 	-0.045529 	0.046841 	-0.021704 	-0.007168 	-0.015849 	-0.016657 	
-0.032607 	0.040380 	-0.026449 	0.047548 	0.045327 	-0.021301 	-0.013426 	0.049264 	-0.020998 	0.029781 	
0.024531 	-0.035939 	0.033213 	-0.011105 	0.018373 	-0.016152 	0.004139 	0.006966 	0.032910 	-0.027055 	
-0.024127 	-0.046236 	-0.014133 	-0.038664 	-0.048154 	0.026348 	-0.042298 	-0.019282 	-0.031295 	-0.007571 	
0.050072 	-0.013426 	0.017868 	-0.026853 	0.019181 	0.012720 	0.002423 	-0.044721 	0.011508 	-0.033516 	
-0.029781 	-0.014335 	-0.018979 	-0.011508 	-0.040380 	-0.015546 	0.022815 	0.049870 	0.041996 	0.005249 	
0.007874 	0.002928 	0.045024 	-0.021200 	0.014840 	0.047447 	-0.045327 	-0.042399 	0.013225 	0.009388 	
0.036039 	0.012821 	-0.018979 	0.038967 	-0.028872 	-0.014638 	0.001211 	-0.041390 	-0.008884 	-0.002120 	
0.011105 	0.047346 	-0.031396 	-0.022815 	-0.014638 	0.014234 	0.012114 	-0.006764 	0.049163 	0.039169 	
-0.016354 	0.006663 	0.027257 	-0.021805 	0.035939 	-0.008379 	0.010701 	-0.024228 	0.035232 	-0.026550 	
-0.029781 	-0.044519 	-0.028569 	0.001817 	0.044923 	0.028569 	0.037655 	-0.004240 	0.037655 	0.013830 	
-0.021301 	-0.001716 	0.010802 	-0.002221 	0.025944 	-0.018777 	-0.002928 	0.023118 	-0.040380 	-0.004139 	
0.011912 	-0.006259 	-0.047952 	-0.011307 	-0.043005 	-0.026954 	-0.034626 	0.018272 	-0.000707 	-0.014335 	
-0.023219 	0.020089 	-0.008379 	0.034222 	0.006966 	-0.013830 	0.012316 	0.029680 	-0.033011 	0.035030 	
-0.006966 	-0.003836 	0.018373 	-0.011105 	-0.020998 	0.029377 	-0.044721 	-0.038866 	0.002120 	-0.034626 	
0.007470 	-0.000909 	0.045125 	0.045529 	-0.027156 	-0.048355 	0.003735 	0.024228 	-0.045024 	-0.047447 	
-0.040582 	-0.017666 	-0.042298 	0.001615 	0.001615 	-0.050274 	-0.027156 	-0.036443 	0.029881 	-0.009691 	
-0.016354 	0.008076 	-0.028468 	-0.048355 	0.047447 	0.036544 	0.031497 	-0.012215 	0.048154 	0.018676 	
0.003634 	0.040784 	-0.032708 	-0.001716 	-0.029579 	0.026146 	0.036039 	0.024632 	-0.000101 	0.041491 	
-0.037655 	0.045428 	-0.026651 	0.006057 	0.032102 	-0.039876 	0.006360 	-0.045529 	-0.025843 	0.021301 	
0.030790 	0.043813 	-0.021099 	-0.012619 	0.045933 	0.011508 	0.008985 	0.027055 	0.049769 	0.042197 	
0.030790 	0.038563 	0.032506 	0.048658 	0.021906 	-0.047447 	-0.041087 	0.007470 	-0.037756 	0.009388 	
-0.001413 	-0.024935 	0.004341 	-0.043005 	0.031699 	0.021503 	-0.032405 	-0.012417 	0.026449 	0.027761 	
-0.041592 	0.042298 	0.021200 	0.023421 	-0.020796 	-0.048759 	-0.015546 	-0.026752 	-0.036645 	0.019282 	
-0.035030 	0.044721 	0.007369 	-0.017364 	0.042904 	-0.021099 	0.021200 	-0.048658 	-0.028569 	0.033920 	
0.046740 	-0.044923 	-0.041390 	0.036140 	-0.037352 	0.040784 	0.007168 	0.016253 	0.013426 	0.018676 	
0.029175 	-0.043106 	0.010499 	0.035434 	0.030790 	-0.025238 	0.037150 	0.000303 	-0.001514 	-0.049870 	
-0.030790 	0.014032 	0.045327 	-0.038361 	0.047144 	-0.027661 	0.026550 	0.017868 	0.009691 	0.048557 	
0.036847 	0.006057 	-0.046841 	0.045933 	0.027257 	0.001817 	-0.029175 	-0.015950 	0.003230 	-0.030689 	
-0.012215 	-0.018070 	-0.023219 	0.048860 	-0.033112 	-0.007369 	-0.026853 	-0.046437 	-0.021906 	-0.043207 	
-0.010297 	0.033314 	-0.044116 	-0.015445 	0.045428 	-0.047447 	0.007369 	0.021603 	-0.044519 	0.002221 	
-0.045731 	0.042803 	-0.042197 	-0.006562 	-0.027055 	-0.029881 	0.045832 	-0.005754 	0.040178 	-0.001413 	
0.014133 	-0.022411 	-0.034424 	-0.024026 	-0.024026 	0.018474 	-0.046336 	0.035131 	0.022512 	-0.017767 	
-0.023017 	-0.038159 	-0.034929 	-0.016657 	0.032405 	-0.004341 	-0.013628 	0.024935 	-0.033213 	0.027862 	
-0.023320 	-0.028468 	0.020291 	0.020493 	0.015445 	0.043712 	0.041087 	0.046336 	0.023017 	0.030891 	
0.029982 	0.022209 	-0.041996 	-0.019383 	-0.016758 	0.019988 	0.049567 	-0.012518 	0.040178 	0.021704 	
-0.045226 	-0.033213 	-0.031396 	0.005956 	0.000606 	-0.049466 	-0.048860 	-0.027862 	-0.039472 	0.003937 	
-0.050475 	-0.012316 	-0.039472 	-0.045125 	-0.042298 	-0.038967 	-0.016354 	0.049365 	-0.007470 	-0.043712 	
-0.035636 	-0.027963 	0.028973 	-0.027156 	0.003230 	-0.038159 	-0.022108 	0.037857 	0.035333 	-0.032405 	
0.009086 	-0.024834 	-0.015143 	-0.037251 	0.031598 	0.036039 	-0.000606 	-0.032203 	-0.042298 	0.010398 	
0.022209 	-0.006764 	0.048658 	-0.032203 	-0.001312 	-0.008581 	-0.020594 	0.032809 	-0.009691 	0.022411 	
0.039573 	0.005148 	-0.020493 	-0.047245 	-0.036948 	-0.032203 	0.000606 	-0.008581 	-0.044721 	0.020998 	
0.009590 	0.050374 	0.046639 	-0.020493 	-0.001716 	0.027862 	-0.034929 	0.048154 	-0.019282 	0.008783 	
0.043611 	-0.011912 	-0.048355 	-0.023623 	0.006360 	0.036342 	0.018373 	-0.029175 	0.018676 	-0.041794 	
-0.021704 	0.043409 	0.049466 	0.008379 	-0.018777 	-0.002423 	-0.038765 	0.032304 	0.039573 	0.002524 	
0.002827 	0.034222 	0.002524 	-0.001010 	-0.036746 	-0.014133 	0.011912 	0.014436 	-0.016455 	0.043207 	
0.008278 	0.012215 	-0.019181 	0.045933 	0.039169 	-0.027761 	0.031800 	0.007067 	-0.006360 	0.035636 	
-0.049668 	0.022411 	0.028569 	-0.015143 	0.015849 	-0.040683 	0.033011 	-0.037756 	-0.023320 	-0.043308 	
0.015244 	-0.035434 	0.041390 	0.002827 	0.014032 	-0.010297 	0.039169 	0.011105 	-0.010802 	0.007773 	
0.039371 	0.048053 	-0.030386 	0.005249 	0.043510 	-0.041693 	0.027963 	-0.040481 	0.015849 	0.006663 	
0.045630 	-0.048759 	0.014234 	0.023723 	-0.013326 	-0.020392 	-0.031900 	-0.030790 	0.027862 	0.030790 	
-0.023623 	-0.007268 	0.045832 	0.002827 	-0.019383 	0.009388 	-0.022411 	-0.030588 	0.005552 	0.017364 	
0.027661 	-0.005552 	-0.050475 	-0.017666 	0.050173 	-0.021906 	-0.008884 	-0.037655 	-0.011912 	-0.007975 	
0.019484 	-0.016758 	-0.006158 	-0.016758 	-0.007975 	-0.034424 	0.048961 	0.046135 	-0.014739 	0.026348 	
0.026449 	0.047649 	0.004139 	0.021805 	0.035535 	0.035333 	0.016354 	-0.001817 	-0.010196 	-0.028569 	
-0.034929 	-0.033011 	-0.048961 	0.000606 	0.035434 	-0.013729 	0.029276 	-0.023925 	-0.000909 	-0.033112 	
-0.046740 	0.003735 	0.036241 	0.033112 	0.037453 	-0.022209 	0.049163 	0.035939 	0.009086 	-0.016051 	
0.047447 	-0.014941 	0.016657 	0.001110 	-0.043510 	0.001716 	-0.014032 	-0.042097 	-0.015042 	-0.039169 	
-0.020190 	0.000606 	0.013931 	0.016859 	-0.013729 	-0.001110 	-0.047245 	-0.034929 	-0.039977 	0.037857 	
0.018070 	-0.036241 	-0.008884 	0.003836 	0.047346 	0.013729 	-0.033314 	0.046034 	0.034727 	0.026247 	
0.015042 	0.031699 	-0.003533 	-0.018777 	-0.017565 	0.038967 	-0.032001 	-0.046538 	0.047346 	0.003533 	
-0.035131 	0.012215 	-0.010802 	0.029276 	-0.021301 	-0.039472 	0.013225 	0.017465 	-0.023824 	0.023723 	
0.004846 	-0.020695 	0.038058 	-0.018878 	0.033617 	-0.030487 	0.045327 	-0.014638 	-0.034828 	0.029579 	
-0.003230 	-0.034727 	0.046437 	0.043712 	0.032607 	-0.021603 	-0.033213 	-0.014335 	0.017868 	-0.036342 	
-0.025742 	-0.032203 	0.026348 	0.049466 	-0.017868 	-0.045428 	-0.040380 	0.045832 	-0.042904 	-0.013729 	
-0.046236 	0.012518 	0.016051 	0.042298 	-0.021301 	0.034727 	-0.003129 	-0.026449 	0.005148 	0.048053 	
-0.011811 	-0.048557 	-0.037049 	-0.015849 	-0.019786 	0.046034 	0.048557 	-0.002524 	0.016758 	-0.049365 	
0.047144 	0.041592 	-0.031093 	0.023118 	0.040582 	0.037150 	-0.037251 	-0.050274 	-0.032910 	-0.029579 	
0.022007 	-0.028670 	-0.032001 	-0.012417 	-0.001312 	-0.002827 	0.007369 	0.046135 	-0.044216 	-0.037857 	
0.043712 	0.029982 	-0.000404 	-0.008278 	-0.036241 	-0.035030 	0.022815 	-0.002625 	0.048456 	-0.010802 	
-0.001514 	0.045226 	-0.019685 	-0.047447 	-0.047548 	0.005956 	0.040178 	-0.034323 	0.006259 	-0.007672 	
0.022108 	-0.022209 	0.014234 	0.040582 	-0.049466 	-0.002019 	0.022815 	0.008379 	0.029175 	-0.036342 	
0.020998 	0.022512 	0.044216 	0.005754 	-0.000707 	-0.006966 	0.021200 	-0.028266 	0.040885 	0.019181 	
0.011407 	-0.011004 	0.013931 	-0.023219 	-0.007975 	0.016859 	0.033213 	0.017263 	-0.032304 	0.024531 	
-0.040885 	0.040279 	-0.048053 	-0.041592 	-0.034929 	-0.011508 	0.006966 	-0.027055 	0.047346 	0.021200 	
-0.012821 	-0.047447 	-0.006764 	0.016455 	0.008783 	-0.022310 	-0.040986 	0.015042 	-0.000101 	-0.015042 	
-0.016253 	-0.003634 	0.024430 	-0.017162 	-0.041794 	0.001514 	-0.015244 	0.041895 	-0.031699 	0.038462 	
-0.049365 	0.013527 	-0.037049 	-0.011407 	0.022411 	-0.021503 	0.027560 	0.014436 	0.001918 	0.024430 	
-0.014739 	-0.025843 	-0.037958 	-0.036443 	-0.024329 	-0.044116 	-0.008278 	-0.014840 	0.021402 	-0.023320 	
0.020695 	-0.009691 	0.023522 	0.030184 	0.023623 	0.032203 	-0.018676 	-0.006562 	-0.041693 	0.035636 	
0.017061 	-0.005048 	-0.001312 	0.030487 	0.034020 	0.006259 	-0.041491 	0.011105 	-0.029781 	0.046437 	
0.020594 	0.041491 	0.005754 	0.033213 	-0.009792 	0.031900 	0.039573 	0.032405 	0.002221 	0.010600 	
-0.005754 	0.007975 	-0.014032 	0.002827 	-0.012316 	-0.005350 	0.020190 	-0.045933 	0.038563 	0.028973 	
0.040279 	0.005148 	0.008985 	-0.011508 	-0.014840 	-0.007470 	0.045226 	0.029680 	-0.046841 	0.000606 	
-0.039674 	-0.041188 	-0.008379 	0.016556 	0.042500 	0.032304 	-0.002019 	-0.033718 	0.049870 	-0.014739 	
-0.038058 	-0.006360 	0.043712 	-0.001615 	-0.018474 	-0.018979 	0.043510 	-0.048759 	0.021099 	-0.033819 	
-0.034727 	0.010903 	-0.043510 	0.024733 	0.049971 	-0.007874 	-0.033213 	-0.020695 	0.006966 	0.005956 	
0.030386 	0.017767 	0.015345 	0.007168 	-0.016152 	0.042904 	0.024531 	-0.033112 	-0.041289 	-0.041491 	
0.002726 	0.006663 	0.038159 	0.031497 	-0.045428 	-0.030689 	-0.037958 	-0.016859 	-0.028973 	-0.031699 	
-0.000101 	-0.013124 	0.029680 	0.006865 	-0.038866 	-0.036241 	-0.015950 	0.014032 	-0.006360 	-0.023925 	
-0.030487 	0.009086 	0.044317 	-0.030083 	0.001312 	0.013225 	-0.037554 	-0.024531 	0.030689 	0.007168 	
-0.015546 	0.018474 	-0.036544 	-0.027761 	-0.000505 	0.004038 	-0.007975 	0.047649 	-0.027661 	0.013527 	
-0.034525 	0.022714 	-0.014537 	0.045630 	0.014638 	-0.002827 	-0.005451 	-0.016253 	-0.039270 	0.038664 	
0.010398 	0.016253 	0.032809 	0.004240 	-0.028670 	-0.016253 	-0.032910 	-0.015748 	0.009691 	-0.017162 	
-0.023522 	-0.020796 	-0.049163 	0.025944 	0.001918 	0.036342 	0.015143 	-0.020998 	0.033516 	0.037958 	
-0.022310 	0.049466 	0.045731 	0.013628 	-0.020695 	0.009893 	-0.039674 	0.024329 	0.044116 	0.007067 	
0.048053 	0.004038 	0.008480 	0.030386 	-0.042097 	0.030285 	-0.000808 	0.011004 	-0.000404 	-0.006057 	
0.044317 	0.026550 	0.023723 	-0.019786 	0.037655 	0.010701 	-0.033920 	0.002322 	-0.025137 	-0.015244 	
0.025339 	0.003029 	-0.016253 	0.020594 	-0.033819 	0.049062 	-0.019988 	0.012619 	-0.042500 	0.009187 	
0.004745 	-0.009388 	-0.001615 	-0.037251 	0.006158 	0.042298 	0.043510 	-0.045125 	0.002827 	-0.007369 	
-0.000606 	0.032203 	0.004341 	0.008177 	-0.038058 	0.027055 	-0.031598 	0.014032 	0.014436 	-0.006259 	
0.049264 	-0.010701 	-0.018171 	0.018171 	-0.040582 	-0.001413 	-0.048658 	0.025440 	-0.003735 	-0.040582 	
0.019685 	-0.049466 	0.000505 	-0.032405 	-0.036140 	-0.043813 	-0.040582 	-0.007571 	-0.002827 	0.048255 	
0.035636 	0.047043 	0.029982 	0.025036 	0.004745 	-0.023017 	0.001615 	-0.041794 	0.041592 	-0.034424 	
0.038058 	0.040380 	0.005350 	-0.030588 	0.043611 	-0.050173 	-0.046942 	0.045529 	-0.039674 	-0.000202 	
-0.045529 	-0.034929 	0.036443 	0.040986 	-0.016758 	-0.050173 	-0.017666 	0.028670 	-0.007268 	0.029982 	
0.026550 	0.013426 	-0.038866 	0.006057 	-0.012013 	-0.049062 	-0.031800 	0.040078 	-0.040380 	-0.040683 	
-0.009287 	-0.017263 	-0.015244 	-0.018878 	0.038260 	0.013527 	-0.018575 	0.041794 	0.008581 	0.027761 	
0.026752 	0.049062 	0.043409 	0.012720 	0.039573 	0.011710 	0.013023 	0.006966 	0.025440 	-0.009187 	
-0.013527 	0.001514 	-0.010600 	0.033617 	-0.007268 	0.027862 	0.035030 	0.011407 	-0.047851 	-0.020190 	
-0.044216 	0.028872 	0.013023 	0.026550 	-0.040380 	0.000808 	-0.010398 	-0.008480 	0.027761 	0.048658 	
0.004442 	0.004038 	-0.018171 	0.032910 	0.001817 	0.006562 	0.029680 	-0.000101 	-0.036948 	0.004644 	
0.041188 	0.035636 	-0.044216 	-0.019887 	0.018777 	0.034525 	-0.006865 	0.003432 	0.030992 	0.031295 	
0.033718 	0.037251 	0.009691 	0.031800 	0.048860 	0.019786 	-0.017767 	-0.011912 	-0.003533 	-0.004947 	
0.021805 	-0.014032 	-0.015849 	-0.046740 	-0.031598 	0.036443 	0.010297 	0.048557 	-0.014133 	-0.041592 	
0.038260 	0.012114 	0.044519 	-0.020897 	0.042803 	0.012922 	-0.036847 	0.020998 	-0.034121 	0.044620 	
0.037352 	0.050072 	-0.034020 	-0.003432 	0.031396 	0.000000 	0.001514 	-0.001312 	-0.026853 	-0.016960 	
-0.021200 	0.045428 	0.019484 	0.013426 	-0.016253 	0.038361 	-0.000606 	-0.020897 	-0.028973 	0.035737 	
-0.011912 	-0.005653 	-0.002524 	-0.017868 	0.024026 	0.025339 	0.045529 	0.037655 	0.031396 	-0.003533 	
-0.033516 	0.018272 	0.031598 	0.018474 	-0.000101 	0.048154 	0.003533 	-0.049062 	-0.003634 	0.027156 	
-0.015546 	-0.039674 	-0.043207 	-0.011004 	0.024228 	-0.008985 	0.012417 	0.008783 	-0.044721 	0.033920 	
0.029579 	-0.006158 	-0.022108 	0.012114 	-0.038967 	-0.013023 	-0.013023 	-0.008278 	0.009691 	0.003432 	
0.038664 	0.026651 	0.006764 	0.019887 	0.030285 	-0.043712 	0.017565 	-0.016657 	-0.006764 	-0.001010 	
-0.004341 	-0.037150 	0.045327 	0.002928 	0.002322 	0.019181 	-0.020998 	-0.035636 	0.013023 	-0.015244 	
-0.016657 	-0.007874 	-0.036342 	0.047245 	-0.046135 	-0.024733 	-0.016253 	0.026853 	-0.047952 	0.044015 	
0.015445 	-0.024228 	-0.045226 	-0.028266 	0.046135 	-0.029881 	-0.021503 	0.048759 	0.004038 	0.022310 	
0.032910 	0.050173 	-0.029781 	-0.037655 	0.038159 	0.023017 	-0.033415 	-0.033314 	-0.027560 	0.030083 	
0.002019 	0.006360 	-0.028165 	0.016152 	0.038664 	0.011710 	-0.023522 	-0.027963 	-0.011912 	-0.020998 	
0.001110 	-0.046942 	0.005350 	0.006360 	0.010903 	0.036544 	0.027055 	0.039876 	-0.030487 	0.016152 	
0.047245 	-0.012518 	-0.049567 	-0.033011 	0.000303 	0.039068 	-0.024834 	0.017465 	-0.044721 	-0.001918 	
0.032607 	0.043308 	-0.010499 	-0.046034 	0.044620 	-0.022209 	-0.049264 	-0.029377 	0.035838 	0.024935 	
0.035737 	-0.013527 	-0.036948 	0.026146 	-0.022108 	0.024430 	0.047750 	-0.009994 	0.013931 	-0.033213 	
-0.008783 	0.046236 	0.040279 	-0.007874 	-0.001615 	0.025742 	0.016253 	-0.041390 	0.028266 	-0.043308 	
0.042702 	0.010398 	-0.050475 	-0.018171 	-0.050475 	0.044620 	0.045630 	-0.049264 	0.000404 	0.030992 	
0.026146 	-0.014335 	0.002524 	0.039775 	-0.038664 	-0.034525 	0.013729 	-0.041390 	0.006057 	0.012720 	
0.011508 	0.047750 	0.044116 	0.036847 	0.025036 	-0.007975 	0.012114 	-0.009187 	0.036645 	-0.010095 	
0.033516 	0.028872 	-0.050072 	0.033617 	-0.004240 	-0.014537 	-0.037655 	-0.009086 	-0.013326 	0.013225 	
0.006966 	-0.037554 	-0.016051 	-0.005451 	-0.012720 	-0.004240 	0.010600 	-0.049466 	0.040481 	-0.033819 	
0.049365 	0.037049 	-0.001010 	0.043005 	0.023421 	-0.026449 	0.020089 	0.020695 	-0.050475 	0.006259 	
-0.004341 	0.033516 	-0.015345 	-0.003937 	-0.048759 	0.030992 	-0.033415 	-0.000303 	0.006966 	0.003836 	
-0.037554 	-0.036443 	-0.048658 	-0.003029 	0.008581 	-0.010903 	-0.022209 	0.004240 	0.025642 	0.003331 	
0.020897 	0.024531 	-0.010095 	0.005048 	-0.048355 	-0.001514 	0.029074 	0.022209 	-0.031295 	-0.036342 	
0.013527 	0.014840 	-0.017666 	0.048759 	-0.003937 	0.019584 	-0.036140 	0.013124 	-0.031194 	-0.044116 	
0.002019 	-0.018171 	0.005451 	0.003836 	-0.036140 	-0.000808 	0.043409 	-0.007874 	-0.047043 	0.018676 	
-0.019383 	-0.040986 	0.028266 	0.020998 	0.014537 	0.030487 	0.004543 	0.028670 	0.002221 	-0.041693 	
0.042904 	-0.034626 	0.023723 	0.010297 	-0.000808 	0.004846 	-0.020594 	0.049062 	0.003029 	0.034323 	
-0.045529 	-0.045327 	0.001211 	0.046034 	0.008985 	0.015546 	-0.005249 	0.037554 	-0.007268 	-0.001817 	
0.005754 	-0.041592 	0.007672 	-0.016455 	0.029982 	-0.028266 	-0.036443 	0.019584 	-0.049971 	-0.049062 	
0.028468 	-0.022007 	0.002322 	0.037251 	-0.026651 	-0.048961 	-0.008379 	0.038765 	-0.014840 	-0.020291 	
0.022613 	0.025642 	-0.015143 	-0.026651 	0.021200 	-0.020998 	-0.026045 	-0.034525 	-0.033920 	-0.048154 	
0.014234 	0.022310 	-0.039270 	0.006966 	-0.009086 	-0.024228 	0.029276 	0.040582 	0.045933 	-0.035636 	
0.041996 	-0.041491 	0.028367 	-0.006158 	0.046236 	-0.048759 	0.030891 	-0.012619 	0.040481 	0.001110 	
0.017565 	0.048255 	-0.023723 	-0.012417 	0.006663 	0.048053 	0.017061 	-0.034222 	-0.036948 	0.033617 	
0.003634 	-0.037655 	0.040986 	0.050374 	0.019887 	-0.018575 	-0.024228 	0.034222 	0.007067 	0.006764 	
0.049062 	-0.001413 	-0.049668 	0.026954 	-0.022512 	0.047043 	-0.036746 	-0.006562 	0.019484 	-0.046740 	
0.045024 	0.022108 	-0.013426 	-0.029074 	-0.040784 	0.043813 	0.004038 	-0.038664 	-0.040885 	0.017565 	
0.045428 	0.013225 	0.030487 	-0.029478 	0.013124 	0.035434 	0.002524 	-0.026045 	0.019181 	-0.005350 	
-0.034222 	0.017767 	0.043813 	-0.033415 	0.029781 	0.006360 	-0.036847 	0.043510 	-0.015042 	-0.032304 	
-0.018171 	-0.020493 	0.040380 	0.018979 	0.036443 	0.050072 	0.047851 	-0.009994 	-0.038967 	-0.043510 	
-0.007268 	-0.008480 	-0.045226 	0.008278 	0.012619 	0.018373 	-0.006764 	0.000202 	-0.022512 	-0.038058 	
0.045327 	0.029276 	-0.035232 	-0.026752 	0.046437 	0.045024 	0.030184 	-0.005350 	-0.027358 	0.000202 	
0.012922 	0.004947 	0.030184 	0.002827 	0.008985 	-0.049163 	0.037958 	0.006360 	0.026853 	0.049466 	
0.048860 	-0.030891 	0.026146 	-0.046841 	0.027862 	-0.011710 	-0.043308 	-0.029377 	-0.026449 	0.020190 	
0.018575 	0.003937 	-0.001010 	0.033819 	0.027761 	-0.005048 	0.028367 	0.043005 	-0.025238 	-0.013931 	
-0.007268 	0.038159 	-0.023824 	0.007975 	0.026045 	0.035636 	0.044822 	0.013527 	0.027156 	0.021301 	
0.048154 	-0.039876 	-0.024531 	0.023824 	-0.036140 	-0.047043 	-0.002827 	0.006562 	0.009590 	0.021200 	
-0.023723 	0.013326 	-0.025339 	-0.039674 	-0.003331 	-0.012518 	0.005855 	0.010196 	-0.019988 	-0.034323 	
0.046740 	-0.042197 	-0.046639 	-0.027560 	-0.049062 	0.029881 	-0.006764 	0.046236 	-0.007067 	0.005451 	
0.017061 	-0.009388 	0.016051 	0.043106 	-0.000505 	0.030386 	-0.018878 	0.047144 	0.022007 	-0.024228 	
-0.047548 	-0.016657 	0.039573 	0.013225 	-0.005754 	0.021402 	-0.049769 	-0.014840 	-0.018878 	0.016354 	
0.001312 	0.012922 	-0.040784 	0.005148 	0.035939 	-0.039371 	0.020089 	0.014234 	-0.043510 	-0.001918 	
-0.030790 	-0.041390 	0.039270 	0.035737 	-0.013225 	0.023824 	-0.049668 	0.018373 	0.020594 	0.022815 	
-0.020695 	0.023522 	-0.008682 	-0.031598 	-0.013729 	0.036039 	-0.025137 	0.022613 	-0.029276 	0.006461 	
0.024026 	0.022512 	-0.030992 	0.033718 	0.012720 	-0.009994 	0.044923 	-0.017666 	-0.010701 	-0.013527 	
0.030891 	0.008985 	-0.004442 	-0.045731 	0.029781 	0.032910 	0.028670 	0.030588 	0.036342 	0.034323 	
0.038563 	-0.034828 	0.007369 	0.014941 	0.019685 	-0.021200 	0.000505 	0.045024 	-0.013527 	-0.043712 	
0.036645 	-0.039977 	0.029276 	-0.009287 	-0.021200 	0.027055 	-0.034222 	-0.026752 	-0.041087 	0.005552 	
0.010196 	-0.025137 	-0.035939 	-0.009086 	0.015244 	-0.021099 	0.008884 	-0.006562 	-0.005350 	-0.005249 	
-0.022714 	0.018272 	0.046034 	-0.030285 	-0.017263 	0.015244 	0.034525 	0.033718 	0.045327 	0.006057 	
0.040481 	-0.033920 	0.016556 	-0.046135 	0.007268 	0.045933 	0.031396 	0.023522 	0.004240 	-0.024632 	
0.014133 	-0.000404 	0.036241 	-0.036746 	-0.024430 	0.001010 	-0.007268 	0.034929 	-0.020493 	0.037857 	
-0.020796 	0.042803 	0.005653 	-0.025238 	-0.037857 	0.038866 	-0.024935 	-0.018272 	-0.043308 	0.005552 	
0.038361 	-0.017767 	0.022108 	0.039977 	-0.013426 	0.014537 	-0.029982 	0.003029 	0.023118 	0.024834 	
0.028872 	-0.013124 	0.009489 	0.014638 	0.036140 	0.035535 	0.000808 	-0.021603 	0.019988 	0.030790 	
0.001312 	-0.015748 	0.023219 	-0.007975 	0.045125 	-0.029579 	0.015950 	-0.030285 	0.038159 	0.023118 	
-0.039674 	0.026045 	-0.045125 	-0.032405 	-0.049769 	0.027459 	-0.032809 	-0.029276 	-0.019988 	0.040784 	
-0.019383 	-0.006057 	0.012720 	0.040582 	-0.041794 	-0.001514 	-0.039775 	0.045024 	-0.038058 	0.030689 	
0.025339 	0.013830 	0.000101 	0.033617 	-0.009086 	-0.005249 	-0.010903 	-0.043510 	-0.050475 	-0.023118 	
-0.035333 	-0.039573 	-0.012013 	0.005653 	-0.021503 	-0.011307 	-0.017364 	-0.003836 	0.045529 	0.048759 	
0.022007 	-0.024329 	-0.007773 	-0.015647 	0.001413 	0.036443 	-0.032102 	0.047649 	0.030992 	0.015849 	
-0.037453 	0.041491 	-0.020796 	0.013124 	0.024632 	-0.044721 	-0.042601 	-0.036645 	-0.037756 	-0.042601 	
0.026247 	0.012922 	-0.031699 	-0.036241 	-0.031900 	0.032809 	0.038563 	0.036847 	0.014032 	0.033617 	
0.035131 	-0.014335 	-0.005653 	0.012417 	-0.044923 	-0.019181 	-0.001514 	0.008985 	-0.021906 	0.014537 	
-0.025642 	-0.008884 	0.005552 	0.039674 	-0.046236 	-0.020190 	0.045428 	-0.038361 	0.029175 	-0.007268 	
0.005048 	0.004947 	-0.044822 	0.023925 	-0.046236 	-0.026146 	0.041794 	0.042803 	-0.004240 	0.005451 	
-0.039472 	0.015950 	-0.023824 	0.005451 	-0.022108 	-0.018272 	-0.028670 	-0.038563 	-0.024228 	-0.000101 	
0.026550 	0.000606 	-0.023925 	-0.018373 	-0.010196 	-0.019685 	0.047447 	0.020291 	0.027963 	-0.039270 	
-0.037453 	-0.017364 	-0.049264 	-0.031699 	-0.008379 	-0.044923 	0.028165 	0.018474 	0.048355 	0.008985 	
-0.026550 	-0.041491 	-0.025541 	0.035636 	0.049971 	0.038361 	0.002423 	-0.029175 	0.050374 	0.028670 	
0.021301 	-0.038967 	0.014436 	-0.017565 	0.028670 	-0.046236 	0.013326 	-0.039674 	-0.040784 	0.026348 	
-0.028468 	-0.027761 	-0.005956 	-0.027156 	0.026550 	-0.029276 	-0.021603 	0.039775 	0.039775 	0.011811 	
0.033819 	-0.001716 	-0.044620 	-0.042197 	-0.016455 	-0.045125 	-0.018676 	-0.028973 	0.011811 	-0.018777 	
0.050274 	0.018171 	0.028266 	0.014234 	-0.049870 	0.006461 	-0.046942 	0.013931 	-0.048154 	-0.037251 	
0.025440 	-0.026045 	0.021099 	0.004543 	0.032809 	0.032708 	0.025843 	-0.003735 	-0.043308 	-0.050274 	
-0.042399 	0.040986 	-0.001514 	-0.000909 	0.049365 	-0.032910 	0.004442 	0.015748 	-0.011307 	-0.034222 	
0.047447 	0.024026 	0.034424 	-0.040178 	-0.012215 	0.035131 	-0.048658 	0.026853 	0.034121 	-0.046236 	
-0.025238 	0.044620 	-0.021805 	0.046336 	-0.001211 	-0.003937 	-0.036847 	0.009691 	0.042803 	-0.029680 	
0.009893 	-0.014537 	-0.039068 	-0.006562 	0.035030 	-0.004644 	0.046639 	0.024632 	-0.039371 	0.020392 	
-0.024531 	-0.006865 	-0.006057 	-0.004947 	0.038967 	-0.033213 	-0.020291 	0.040784 	-0.021301 	-0.001110 	
0.045024 	0.003937 	0.028670 	0.008278 	0.035333 	-0.023017 	-0.046135 	0.049062 	0.037150 	-0.018272 	
-0.031093 	0.032102 	0.017767 	0.015849 	-0.024935 	0.037857 	-0.003735 	-0.028771 	0.012013 	0.042904 	
-0.023320 	0.038058 	0.021099 	0.021099 	0.018171 	0.009590 	-0.027055 	-0.017061 	0.000000 	0.002221 	
0.032304 	-0.005451 	-0.008783 	0.046034 	-0.047548 	-0.023824 	-0.027459 	-0.007672 	-0.025238 	-0.005249 	
0.024632 	0.029680 	0.011912 	0.027459 	0.030689 	0.037554 	0.014840 	-0.023522 	-0.006158 	0.012013 	
-0.030992 	0.021099 	0.035131 	-0.024834 	0.027257 	0.002827 	0.035333 	-0.014638 	0.036241 	-0.015143 	
-0.027358 	-0.047346 	-0.035535 	0.014335 	0.049264 	-0.032607 	0.040986 	0.006865 	0.045832 	0.000808 	
-0.013225 	0.019988 	-0.019887 	0.049163 	-0.003029 	-0.039674 	-0.029175 	-0.003129 	0.022815 	-0.050173 	
-0.006057 	-0.023118 	-0.044015 	-0.021402 	0.002625 	-0.031699 	0.031900 	-0.012518 	0.004139 	-0.047750 	
-0.042601 	-0.038159 	-0.044519 	-0.027661 	0.026752 	-0.010196 	-0.009691 	-0.048154 	0.047144 	-0.014335 	
0.003230 	0.018979 	-0.009287 	-0.031598 	0.017767 	-0.027257 	-0.020796 	-0.026348 	-0.045327 	-0.012922 	
-0.026045 	-0.000808 	0.014537 	-0.019584 	0.028266 	0.002221 	-0.000707 	0.045327 	0.040178 	-0.011508 	
-0.017364 	0.048053 	0.000909 	-0.011407 	-0.030083 	0.012720 	-0.036544 	0.046236 	0.015042 	-0.004240 	
0.016960 	-0.032203 	-0.035737 	-0.007268 	0.022209 	-0.032910 	0.015950 	-0.049062 	-0.008682 	-0.044216 	
0.024127 	0.015748 	0.005451 	0.023723 	-0.018676 	-0.016758 	-0.024531 	-0.034323 	0.013628 	0.000707 	
0.004644 	0.046841 	-0.001716 	-0.044923 	0.020493 	-0.046740 	-0.047144 	0.034525 	-0.015345 	0.018474 	
-0.020190 	-0.013326 	-0.028670 	-0.005451 	-0.035434 	0.044116 	0.012215 	-0.034424 	-0.019887 	-0.011407 	
-0.028165 	-0.046236 	-0.046135 	0.027761 	0.027963 	0.021200 	-0.003836 	-0.011508 	0.037352 	-0.040683 	
0.039674 	-0.008379 	-0.044317 	0.023017 	0.032708 	-0.038664 	0.026853 	0.036140 	0.046336 	-0.003432 	
0.039674 	-0.024329 	-0.031699 	-0.039472 	-0.044721 	-0.016657 	-0.045832 	-0.047447 	-0.000505 	0.020392 	
-0.008379 	0.021805 	-0.040784 	0.031598 	-0.000808 	0.037756 	0.002322 	-0.019584 	-0.024228 	-0.010701 	
-0.009792 	0.000606 	-0.034020 	0.032001 	-0.026853 	-0.016253 	0.043813 	-0.014941 	0.004947 	0.039674 	
0.032102 	-0.005855 	0.000404 	-0.049971 	0.040784 	0.041693 	0.019383 	-0.019988 	0.044822 	-0.031598 	
-0.050072 	-0.014032 	-0.024632 	-0.040279 	0.002625 	0.025036 	-0.017465 	-0.045428 	-0.045024 	0.044317 	
0.029881 	0.031194 	-0.005552 	-0.019080 	0.012720 	0.018171 	-0.050274 	0.041592 	-0.047245 	0.005249 	
-0.034626 	-0.029982 	-0.015546 	0.016253 	0.006057 	-0.025238 	0.043106 	-0.025036 	0.005350 	0.037453 	
-0.006057 	0.005754 	0.008480 	-0.045630 	-0.049466 	-0.039270 	-0.035535 	-0.016455 	0.001312 	0.005451 	
-0.022512 	0.016253 	-0.013830 	-0.043005 	-0.017767 	-0.015950 	0.025642 	-0.017565 	-0.024834 	-0.036443 	
0.038159 	0.026651 	-0.015950 	-0.027761 	0.027963 	0.040582 	0.033011 	0.020594 	-0.034929 	-0.012114 	
0.007571 	0.045024 	-0.021200 	-0.034323 	0.049870 	-0.020190 	0.012417 	-0.036140 	0.049466 	-0.001211 	
0.019786 	0.012013 	-0.035434 	-0.008884 	0.019484 	0.032809 	0.025642 	-0.005249 	-0.035232 	-0.014133 	
0.008783 	-0.011912 	-0.037958 	0.043308 	0.046336 	0.040582 	-0.032001 	0.028872 	0.010701 	-0.016455 	
-0.033617 	0.003432 	0.013729 	0.031194 	-0.045832 	0.013124 	-0.039472 	0.017061 	-0.037857 	-0.004947 	
-0.034626 	-0.033011 	-0.043409 	0.015950 	0.008581 	0.026651 	-0.001716 	-0.016253 	0.006461 	0.049062 	
-0.045226 	0.000303 	-0.013326 	-0.032708 	-0.006865 	-0.017465 	-0.007067 	0.047144 	-0.003432 	-0.046740 	
-0.019786 	0.013426 	0.007168 	-0.020998 	0.029680 	0.011811 	-0.022714 	-0.024733 	0.013931 	-0.010095 	
0.020897 	-0.035636 	0.007369 	0.027963 	-0.034626 	-0.034424 	0.039674 	0.049668 	0.035333 	-0.004341 	
0.048255 	0.040582 	0.046437 	-0.015445 	-0.006966 	0.024632 	-0.047851 	0.036443 	0.021301 	-0.000808 	
0.040178 	-0.013326 	-0.002322 	0.032405 	0.016152 	-0.023118 	0.029276 	-0.021503 	0.038260 	0.028266 	
0.018878 	0.008682 	-0.022310 	0.011407 	-0.013830 	-0.006461 	-0.037958 	0.011004 	-0.007268 	0.047851 	
-0.043813 	0.026146 	-0.027358 	-0.047750 	-0.004240 	0.016152 	0.027358 	-0.001615 	0.037655 	0.033819 	
-0.017263 	-0.037958 	-0.029982 	-0.034525 	0.044923 	-0.028771 	0.028468 	-0.041592 	0.000303 	0.016253 	
0.037150 	0.004240 	-0.025541 	0.000000 	-0.034828 	0.046639 	0.044015 	0.013225 	0.007168 	0.021906 	
0.046236 	0.013931 	-0.002423 	-0.031598 	-0.048759 	0.043813 	-0.030386 	-0.036342 	0.027257 	-0.043207 	
-0.017465 	-0.004947 	-0.030689 	0.038563 	0.011105 	-0.000606 	-0.040582 	-0.010903 	0.008278 	0.045731 	
-0.045125 	0.030487 	0.035030 	0.015345 	0.015546 	-0.014638 	0.011508 	0.009187 	0.049062 	0.003836 	
0.016152 	0.044822 	0.002827 	-0.001211 	-0.001716 	0.004543 	-0.007874 	-0.047043 	-0.046740 	0.004442 	
-0.039674 	-0.013628 	0.050072 	0.015647 	-0.025541 	0.010701 	-0.035434 	0.019887 	-0.015143 	-0.042097 	
-0.050274 	-0.009792 	-0.026449 	0.035333 	-0.044923 	0.039573 	-0.029781 	-0.048355 	0.033819 	-0.031194 	
0.041491 	-0.000505 	-0.001211 	-0.006158 	0.048759 	-0.017868 	-0.016556 	0.025944 	-0.014335 	0.022815 	
-0.019988 	-0.003533 	-0.041289 	0.015143 	-0.038361 	0.019181 	0.010903 	0.012316 	-0.011307 	0.046236 	
-0.044721 	-0.011105 	-0.014032 	-0.020695 	-0.026247 	0.027055 	0.004038 	0.029982 	-0.036241 	-0.012619 	
-0.016051 	-0.045125 	-0.027963 	0.033213 	0.034727 	0.005855 	-0.035131 	0.003331 	-0.018575 	0.001010 	
-0.024329 	0.047447 	-0.017465 	-0.015143 	0.047649 	0.030285 	-0.046437 	0.008076 	0.027661 	0.028266 	
0.003836 	0.033415 	-0.033213 	0.040279 	-0.002120 	0.026550 	-0.048557 	-0.048557 	0.006158 	0.001211 	
0.024834 	-0.024834 	0.042097 	0.047346 	-0.042097 	0.026449 	0.002827 	0.008783 	-0.020695 	-0.030689 	
-0.005048 	0.005451 	-0.033718 	-0.037453 	-0.024632 	-0.036544 	0.043308 	-0.020594 	0.022007 	-0.044923 	
-0.007168 	0.010903 	0.039068 	0.010095 	0.000707 	0.022007 	0.021704 	0.038159 	0.023925 	0.012922 	
-0.011105 	0.033819 	0.038563 	-0.019383 	0.030790 	-0.018474 	-0.007874 	0.018676 	-0.024531 	-0.043510 	
0.038462 	0.020897 	0.012417 	-0.010196 	0.033920 	0.038260 	0.039270 	-0.038563 	0.002726 	0.010802 	
-0.033011 	0.046034 	-0.028771 	-0.008884 	0.041188 	-0.043005 	-0.037352 	0.048053 	-0.019786 	-0.028367 	
0.046034 	-0.045832 	-0.044923 	0.034222 	0.020796 	-0.029074 	0.000808 	-0.037554 	0.040078 	0.026752 	
-0.030588 	-0.037352 	-0.002827 	-0.033112 	0.002928 	0.016253 	-0.009792 	-0.008278 	-0.037251 	-0.021906 	
-0.012417 	0.015748 	0.009187 	0.044822 	-0.043510 	0.035535 	-0.013124 	0.005148 	0.033112 	-0.047851 	
-0.038058 	0.028670 	-0.043207 	0.003029 	0.047952 	0.028165 	-0.040986 	-0.001615 	-0.024329 	0.049567 	
-0.025339 	0.031194 	-0.002726 	-0.043005 	0.048557 	-0.050274 	0.023723 	0.023925 	0.027459 	0.036948 	
-0.048456 	0.000101 	0.037756 	0.011206 	-0.005552 	0.044721 	0.031800 	-0.033617 	0.035030 	0.014436 	
-0.030992 	-0.017969 	0.028266 	0.011811 	-0.029881 	-0.039674 	-0.010499 	-0.020392 	0.009187 	-0.049668 	
-0.021301 	-0.030992 	0.032001 	0.026449 	-0.023522 	-0.035333 	-0.038765 	-0.014739 	0.039068 	-0.026247 	
0.007268 	-0.024329 	0.024329 	-0.005451 	-0.027963 	0.003836 	0.024430 	-0.046639 	0.020695 	0.008985 	
0.018373 	-0.025238 	-0.023925 	0.031699 	0.037049 	-0.003331 	0.042500 	0.011710 	0.026752 	0.036847 	
0.012518 	-0.009489 	-0.044620 	-0.005956 	0.002019 	-0.017666 	0.009187 	0.049264 	0.018070 	0.033415 	
-0.027459 	-0.025137 	-0.041390 	0.047346 	0.019887 	-0.018878 	0.036241 	0.029377 	-0.014941 	0.041996 	
0.023421 	-0.011508 	-0.033718 	0.049971 	-0.030285 	-0.011609 	0.031699 	-0.002726 	-0.050374 	0.007975 	
-0.016354 	0.048154 	-0.016455 	-0.010499 	-0.008278 	0.036039 	-0.043106 	-0.013931 	0.034828 	-0.039977 	
-0.030992 	-0.007571 	0.020897 	0.013628 	0.024834 	-0.009590 	0.045327 	0.010600 	0.004846 	0.015445 	
0.037655 	-0.022108 	-0.046538 	-0.046538 	-0.022613 	0.009187 	0.027963 	-0.041289 	-0.044015 	-0.037352 	
-0.048255 	0.025742 	-0.039573 	-0.014133 	-0.035232 	0.002625 	0.006966 	0.007773 	-0.026247 	-0.008581 	
0.018272 	-0.006764 	-0.031093 	-0.011206 	-0.043510 	0.044317 	-0.035737 	-0.013124 	0.039977 	0.019584 	
-0.048154 	0.027257 	0.047952 	-0.008682 	-0.034222 	0.010499 	-0.049971 	0.044216 	0.019685 	-0.007975 	
-0.043510 	-0.043510 	-0.032708 	-0.032607 	-0.007168 	0.018171 	-0.044923 	0.050374 	-0.024531 	-0.020594 	
0.026853 	0.044216 	-0.042298 	0.046236 	0.018070 	0.000202 	-0.025339 	0.032809 	-0.027862 	-0.035737 	
0.037554 	-0.025541 	0.041996 	0.035030 	0.016253 	-0.042702 	-0.004947 	-0.048658 	-0.048860 	-0.000202 	
-0.006057 	-0.006360 	0.006865 	0.011710 	0.047043 	-0.015244 	-0.020594 	-0.048355 	-0.015345 	0.040885 	
0.017061 	-0.003432 	-0.030689 	0.025339 	0.027963 	0.037857 	0.010600 	-0.047851 	-0.045125 	0.033314 	
-0.033112 	0.042904 	-0.007168 	-0.041592 	0.027459 	-0.005754 	0.001817 	0.007672 	-0.003937 	0.038967 	
-0.007470 	0.040481 	-0.017868 	0.049870 	0.037352 	-0.021301 	0.019786 	0.001817 	0.016354 	-0.010499 	
-0.007672 	-0.016960 	0.036645 	0.012114 	-0.006562 	0.014133 	0.035030 	-0.010903 	-0.048658 	0.040380 	
-0.028064 	0.004341 	0.032809 	-0.050072 	0.048759 	0.045428 	-0.005350 	0.000101 	0.038159 	0.041188 	
-0.011407 	-0.019786 	-0.034121 	-0.044216 	0.015244 	-0.047245 	-0.015042 	-0.015445 	0.040582 	-0.013527 	
0.024531 	-0.017565 	-0.045428 	0.046236 	-0.020392 	0.034020 	0.045428 	-0.000202 	-0.027358 	0.047346 	
-0.010297 	0.030689 	0.001211 	0.007672 	0.031093 	0.035030 	0.038159 	-0.024733 	-0.015244 	-0.039573 	
-0.034020 	0.023824 	0.026651 	0.017868 	-0.035232 	-0.008581 	0.021099 	0.035737 	-0.038967 	0.011307 	
-0.028266 	-0.029276 	-0.021200 	-0.023219 	-0.033516 	0.044519 	-0.039674 	-0.002928 	-0.006158 	0.019080 	
-0.006057 	-0.031396 	-0.000707 	-0.019786 	-0.038664 	0.015445 	-0.035232 	-0.015445 	0.041188 	0.035535 	
-0.004543 	-0.007773 	0.044519 	0.007268 	-0.040279 	-0.041188 	-0.016253 	-0.034121 	0.045024 	-0.004644 	
-0.037756 	0.001918 	-0.048860 	0.027156 	0.029175 	-0.031900 	0.021200 	-0.025339 	0.015647 	0.000101 	
-0.021200 	-0.005350 	-0.046236 	0.028569 	-0.040078 	0.001211 	0.029074 	0.010802 	-0.029175 	0.019786 	
0.031396 	-0.048557 	-0.002928 	0.025440 	0.009187 	0.042803 	-0.030689 	0.043409 	-0.041693 	-0.036039 	
0.023824 	0.006562 	0.016354 	0.025440 	-0.016758 	0.030588 	-0.021301 	-0.010499 	-0.009691 	-0.020594 	
0.040078 	0.019584 	-0.040784 	-0.020998 	0.033213 	-0.030386 	-0.034727 	0.011811 	-0.034525 	-0.013426 	
0.016657 	-0.017969 	-0.011508 	-0.036645 	-0.043005 	0.048154 	-0.044317 	-0.023118 	0.041188 	0.000000 	
0.026853 	0.050072 	-0.043813 	0.028266 	0.025137 	-0.010095 	0.043914 	-0.046639 	0.029982 	-0.016152 	
-0.016758 	-0.045832 	-0.011508 	-0.007067 	0.019181 	-0.028670 	0.048658 	0.034929 	-0.031800 	-0.000808 	
-0.028872 	0.035434 	0.031699 	0.045630 	-0.016152 	-0.026146 	0.043409 	0.025541 	0.036746 	-0.031295 	
-0.024834 	0.013124 	-0.031699 	0.017364 	0.026449 	-0.021503 	-0.043207 	0.019887 	-0.017666 	-0.028165 	
-0.011206 	0.016152 	0.012114 	0.027862 	-0.005855 	-0.019181 	0.049668 	-0.007672 	0.000909 	0.002928 	
-0.023320 	-0.042904 	-0.012114 	-0.042097 	-0.047750 	0.022209 	-0.017767 	-0.019282 	-0.002625 	-0.031497 	
-0.000101 	-0.042399 	-0.033314 	-0.046639 	0.025440 	0.043611 	-0.017666 	-0.032708 	0.048658 	0.015244 	
-0.010297 	-0.013023 	0.016455 	-0.013124 	-0.035636 	-0.004341 	-0.047245 	-0.000909 	-0.026853 	0.004139 	
-0.048355 	0.000303 	0.011710 	0.025541 	0.044216 	0.050072 	0.032910 	-0.023925 	-0.019685 	0.015345 	
0.030588 	-0.034626 	0.023421 	-0.017565 	-0.030790 	0.033920 	-0.024430 	0.002019 	-0.049264 	0.009287 	
0.002322 	0.026449 	0.046841 	0.003836 	-0.037150 	-0.003735 	-0.015345 	-0.033819 	-0.019484 	0.008278 	
-0.044620 	-0.017364 	-0.006360 	-0.047750 	-0.006764 	-0.012619 	-0.048154 	-0.024329 	0.049466 	-0.017364 	
0.041491 	-0.035737 	-0.001514 	0.049971 	-0.002827 	-0.047245 	0.033415 	-0.042197 	0.040885 	-0.030689 	
0.017666 	-0.007268 	0.046236 	0.014032 	-0.018272 	-0.005754 	-0.004644 	0.016859 	0.046437 	0.026348 	
0.010196 	-0.013124 	-0.005956 	-0.046639 	-0.010398 	0.037857 	-0.008783 	-0.008076 	-0.001413 	0.025843 	
-0.040279 	-0.010297 	0.040582 	0.044216 	0.024733 	-0.012720 	-0.017868 	0.043308 	-0.004442 	-0.027459 	
-0.037857 	-0.037251 	-0.049668 	-0.006562 	-0.038159 	0.018070 	-0.027257 	0.007773 	-0.015546 	-0.031295 	
0.019181 	0.045125 	0.041693 	-0.037150 	-0.016455 	-0.019181 	-0.049769 	0.025339 	-0.042097 	-0.000707 	
0.000707 	0.003634 	-0.025944 	-0.009187 	0.032910 	0.049365 	-0.036847 	-0.035434 	0.042197 	0.009187 	
-0.012417 	-0.010600 	0.022512 	0.024026 	0.033314 	-0.030588 	-0.008379 	-0.008783 	0.027661 	-0.038765 	
0.045933 	-0.003533 	-0.008581 	0.037150 	0.045327 	0.025541 	-0.032405 	0.046034 	0.035939 	0.011508 	
0.030386 	0.021704 	-0.035333 	-0.010398 	-0.002423 	0.048053 	0.024026 	0.011206 	-0.037756 	-0.049668 	
-0.030083 	0.035838 	-0.009792 	-0.022512 	0.009388 	0.008581 	-0.002524 	-0.049365 	0.050274 	0.010196 	
-0.037655 	-0.019584 	-0.008278 	0.004240 	-0.032910 	-0.013426 	0.014840 	-0.014840 	-0.017868 	0.000303 	
0.047144 	-0.002322 	-0.028468 	-0.003129 	-0.027661 	0.019584 	-0.005451 	0.046841 	-0.019685 	0.042803 	
0.047649 	0.036342 	0.028165 	0.022916 	-0.036645 	0.022714 	0.016556 	0.046841 	0.023824 	-0.048961 	
0.006663 	-0.028771 	-0.018070 	0.048860 	-0.039472 	-0.000505 	-0.014941 	0.025944 	-0.030184 	-0.047750 	
-0.024228 	0.002019 	0.035939 	0.033415 	0.049466 	-0.042197 	0.002524 	0.029074 	-0.045832 	-0.032001 	
0.021402 	-0.013124 	-0.046135 	-0.000909 	-0.005148 	0.003230 	-0.028670 	-0.003432 	-0.000303 	-0.019786 	
-0.001918 	-0.044116 	0.037453 	-0.034929 	-0.010196 	0.048557 	-0.050374 	0.025339 	-0.041390 	-0.030083 	
-0.037251 	0.020392 	-0.042904 	0.049163 	0.003331 	-0.043914 	-0.043409 	-0.008985 	-0.029781 	-0.003230 	
0.045024 	0.042097 	-0.031194 	0.049365 	0.026247 	0.049668 	0.037655 	-0.017263 	-0.004240 	-0.013124 	
0.013426 	-0.021099 	0.028771 	0.036039 	0.029982 	0.003735 	-0.031295 	0.030184 	-0.021402 	-0.022209 	
-0.014840 	0.027358 	-0.016758 	-0.007268 	0.026146 	-0.028266 	0.034828 	-0.032203 	0.048759 	-0.045428 	
-0.050374 	0.043308 	-0.018272 	-0.031093 	-0.023219 	-0.042399 	0.003735 	-0.036039 	-0.009187 	-0.015445 	
0.036948 	-0.010701 	0.014032 	-0.050173 	0.010398 	0.029074 	0.004038 	0.029579 	0.008783 	-0.032203 	
-0.007571 	0.044519 	0.045630 	-0.039169 	0.022310 	-0.044116 	-0.016960 	0.006764 	-0.025843 	-0.018676 	
0.047346 	-0.025642 	-0.025843 	-0.021301 	0.029276 	0.001413 	0.022310 	-0.017465 	-0.049567 	-0.037352 	
0.017666 	0.037857 	0.037958 	0.016758 	-0.027156 	-0.002019 	-0.004644 	0.027358 	0.012619 	-0.046236 	
-0.019786 	-0.009792 	-0.016657 	-0.024531 	0.001514 	-0.044822 	0.017364 	0.035030 	0.047952 	0.042097 	
0.001413 	0.044923 	-0.034020 	0.026045 	0.008682 	0.045731 	0.012518 	-0.019484 	-0.022108 	0.013426 	
0.029175 	-0.019383 	0.036443 	-0.048759 	0.047851 	-0.041188 	0.035232 	-0.007268 	-0.028771 	-0.002524 	
0.032506 	0.037554 	-0.027257 	-0.034626 	-0.001918 	0.024733 	0.006663 	-0.035030 	0.009287 	0.004139 	
-0.043409 	-0.004240 	0.034121 	0.008581 	-0.028670 	-0.007672 	0.003937 	-0.031093 	-0.042097 	-0.033112 	
-0.032607 	0.037554 	0.033516 	-0.046639 	-0.026045 	0.030891 	-0.001817 	-0.041289 	0.008682 	-0.045428 	
0.042197 	-0.009187 	0.042601 	-0.035535 	0.042197 	0.025742 	-0.025742 	-0.001615 	0.041188 	-0.031396 	
-0.012316 	0.048355 	0.014840 	-0.028670 	0.006461 	-0.028771 	0.049769 	-0.004543 	-0.009388 	-0.042803 	
0.048355 	0.008581 	-0.020089 	0.031396 	0.047952 	0.039876 	0.047346 	0.031295 	0.049062 	0.005653 	
-0.029074 	-0.024531 	-0.018474 	-0.001413 	0.025944 	-0.026752 	-0.026146 	-0.050173 	-0.043207 	-0.035434 	
-0.031093 	-0.005048 	-0.002019 	0.034323 	-0.048658 	-0.010398 	-0.044923 	-0.049365 	-0.029881 	0.031800 	
-0.006057 	-0.031900 	-0.010095 	-0.041087 	-0.015445 	0.022916 	0.049264 	-0.018474 	0.003735 	0.047851 	
0.037655 	-0.040279 	0.008379 	-0.031295 	0.008783 	-0.016051 	0.027963 	0.033112 	0.019786 	-0.030184 	
-0.017162 	0.039169 	-0.050173 	0.031295 	-0.042399 	-0.048255 	0.005956 	-0.036746 	-0.011609 	0.026651 	
-0.019887 	-0.032607 	-0.020190 	-0.044923 	-0.023219 	0.014840 	0.028468 	-0.024430 	0.046841 	0.017364 	
0.008581 	0.034020 	0.027560 	-0.033516 	-0.012215 	-0.014032 	0.036443 	0.000909 	-0.031396 	0.005754 	
0.021200 	0.001918 	-0.005451 	-0.043813 	0.018373 	0.038159 	-0.041592 	-0.026146 	-0.013527 	0.032809 	
-0.014436 	0.017061 	-0.050173 	0.015849 	0.022613 	0.012619 	-0.019685 	0.000707 	0.038765 	-0.023320 	
0.003129 	-0.003129 	-0.004139 	-0.019786 	0.049365 	-0.031295 	0.016657 	0.035434 	-0.045327 	-0.029579 	
-0.009287 	0.026449 	-0.042601 	-0.029680 	0.033112 	0.026247 	-0.041895 	-0.023421 	-0.014739 	-0.004947 	
-0.005552 	0.021301 	-0.038260 	0.030285 	-0.013225 	0.034828 	-0.007470 	-0.047851 	0.020594 	0.016354 	
-0.020695 	-0.026752 	-0.037251 	-0.039775 	0.004038 	-0.038361 	0.015042 	0.005754 	-0.017868 	0.020190 	
-0.038765 	0.023421 	0.031699 	-0.030790 	-0.021200 	0.014335 	-0.019484 	-0.012619 	-0.024026 	-0.049163 	
-0.032405 	-0.044418 	-0.042702 	-0.020190 	0.036342 	-0.005451 	-0.000303 	0.013931 	0.032708 	0.005451 	
-0.020190 	-0.002928 	0.029175 	-0.006966 	0.007874 	0.018272 	0.040784 	0.007975 	0.009187 	-0.027560 	
-0.022310 	0.020897 	-0.019080 	-0.040986 	-0.024834 	0.010297 	-0.041592 	0.041794 	-0.017263 	0.020493 	
-0.022310 	0.000808 	0.026550 	-0.014537 	-0.034323 	0.047952 	-0.034929 	-0.049466 	0.011508 	0.048255 	
0.006461 	0.041794 	-0.005048 	-0.014840 	0.019988 	-0.012114 	-0.011407 	0.045832 	0.046336 	0.048255 	
0.003331 	-0.026449 	-0.046740 	0.034828 	0.018575 	0.014537 	0.030184 	0.027560 	0.005855 	-0.037554 	
0.033112 	0.034020 	0.049365 	0.009187 	0.004644 	-0.035434 	0.042197 	0.020190 	-0.034424 	0.003230 	
0.018070 	0.022512 	0.030184 	-0.037453 	-0.007168 	-0.000303 	0.000909 	0.031900 	0.030588 	0.032304 	
-0.035737 	-0.016556 	-0.044620 	-0.032001 	0.003331 	-0.040885 	0.033011 	-0.016960 	-0.028266 	0.023925 	
0.031598 	-0.045630 	0.043106 	0.030487 	0.049567 	-0.002726 	-0.019887 	0.041289 	0.002524 	-0.003735 	
-0.005855 	-0.029881 	0.003836 	0.009388 	0.018676 	-0.018272 	-0.005855 	0.004644 	-0.001312 	-0.025742 	
-0.013527 	0.013426 	0.008177 	0.027963 	-0.033415 	-0.038866 	0.037554 	-0.015345 	0.030184 	-0.041188 	
-0.006259 	0.011307 	-0.036342 	-0.013628 	-0.008682 	-0.037251 	-0.031295 	-0.043409 	-0.010903 	0.021704 	
0.003331 	-0.031699 	-0.023017 	-0.007773 	0.028165 	0.046135 	-0.040885 	-0.028165 	0.000404 	0.008278 	
0.032102 	-0.028064 	0.006865 	0.025440 	0.050374 	-0.041491 	-0.028367 	0.037453 	0.029175 	-0.048658 	
-0.018676 	-0.027560 	0.048759 	-0.004543 	0.044822 	0.025137 	0.044216 	-0.036948 	0.032203 	0.018474 	
-0.030083 	0.020594 	0.037251 	-0.002625 	-0.037554 	0.015042 	0.028569 	-0.027963 	-0.028064 	0.014032 	
-0.034626 	-0.010802 	0.036544 	0.022714 	-0.035838 	-0.028973 	-0.033718 	-0.013729 	-0.006360 	0.046034 	
0.023623 	0.025440 	-0.032001 	0.021906 	0.006057 	-0.002019 	-0.003331 	0.035333 	0.047043 	-0.021603 	
0.003331 	-0.033516 	0.049567 	-0.009792 	0.049870 	-0.002928 	-0.009691 	0.028064 	-0.045832 	0.048255 	
-0.008379 	0.005552 	-0.013023 	-0.022310 	0.013426 	0.037150 	-0.000707 	0.030184 	0.008480 	-0.022007 	
0.025742 	-0.018272 	-0.047043 	-0.021099 	-0.011307 	0.009489 	0.027358 	-0.029579 	0.029982 	-0.041491 	
-0.000606 	-0.017162 	-0.024430 	0.034020 	-0.041895 	0.010499 	0.016152 	-0.001110 	-0.011912 	-0.044620 	
0.032304 	0.030285 	0.011407 	-0.031194 	-0.006966 	-0.025642 	-0.008884 	-0.022613 	-0.045832 	0.050072 	
0.005855 	-0.035030 	0.016859 	0.044923 	-0.005653 	-0.044822 	0.039472 	0.006764 	-0.023925 	0.018979 	
-0.049567 	-0.039472 	-0.048557 	0.012013 	-0.020392 	-0.004442 	-0.027963 	0.046236 	-0.020392 	0.010701 	
-0.048860 	-0.038563 	0.026045 	0.048658 	0.016253 	0.004139 	-0.027459 	-0.043106 	0.032102 	0.012720 	
-0.043409 	0.023017 	0.028266 	0.023925 	0.017465 	0.007672 	-0.035838 	0.006562 	-0.000404 	-0.009187 	
-0.024935 	0.000505 	0.037352 	0.012518 	-0.037958 	-0.033415 	-0.006764 	-0.015445 	-0.037655 	0.023320 	
-0.019685 	-0.000404 	0.035232 	-0.044116 	-0.002221 	0.001010 	0.046135 	-0.044620 	0.044015 	0.027761 	
0.018676 	-0.014335 	0.000303 	-0.003533 	-0.005350 	0.002928 	-0.046336 	0.009388 	-0.040986 	0.003735 	
-0.014739 	0.020089 	-0.010701 	-0.027862 	0.017767 	0.001817 	0.024733 	-0.039472 	-0.028468 	-0.027761 	
-0.031093 	0.002322 	0.022310 	-0.046336 	0.044317 	0.005148 	0.040683 	0.039977 	0.011004 	-0.031194 	
-0.048154 	-0.020796 	0.004947 	0.038159 	-0.039270 	0.050173 	0.026146 	-0.035030 	0.009086 	0.035636 	
-0.046236 	-0.020594 	0.040885 	0.029175 	0.037554 	0.043712 	-0.019484 	0.011912 	-0.010701 	0.038058 	
0.034626 	0.008682 	0.025541 	0.041996 	0.048355 	0.019383 	-0.003331 	0.038563 	0.044418 	-0.007268 	
-0.043005 	-0.018676 	0.022512 	0.047952 	0.004543 	0.033718 	0.047649 	-0.019685 	-0.016253 	0.041794 	
0.001010 	0.023623 	-0.029276 	-0.008581 	0.002322 	-0.006562 	0.020190 	-0.032102 	-0.045125 	-0.040986 	
-0.044418 	0.039977 	-0.047245 	0.031598 	0.031497 	-0.049365 	0.036039 	0.013225 	0.039775 	-0.035434 	
-0.044519 	-0.018171 	0.031900 	-0.036948 	-0.020695 	-0.014032 	-0.018070 	0.012114 	0.016758 	-0.049264 	
0.038967 	-0.032607 	0.024834 	-0.005148 	0.044822 	0.012215 	0.038765 	0.014638 	-0.034727 	0.044116 	
-0.041289 	-0.028670 	-0.031800 	-0.037958 	-0.012013 	-0.015244 	-0.001312 	0.009086 	0.048456 	-0.012013 	
-0.041289 	-0.011004 	-0.045125 	0.041087 	0.002625 	0.020291 	-0.023421 	0.035030 	0.017465 	-0.021503 	
-0.029175 	0.005956 	-0.003634 	-0.019181 	-0.049668 	0.026247 	0.043510 	-0.025843 	0.025944 	-0.041693 	
0.003331 	0.035232 	0.015647 	0.022007 	-0.017666 	-0.011307 	-0.043712 	0.031497 	0.048255 	-0.010196 	
0.004644 	-0.043510 	0.029377 	0.045529 	-0.017364 	0.017061 	-0.050072 	0.009792 	0.037150 	0.017868 	
0.038765 	-0.042500 	0.008985 	0.020190 	-0.011206 	0.045327 	-0.004038 	0.017465 	-0.030891 	-0.028468 	
-0.039169 	0.022916 	-0.008177 	-0.038361 	-0.005451 	-0.040784 	0.000808 	0.036847 	-0.024228 	0.034222 	
0.011811 	0.030891 	-0.024228 	-0.009287 	-0.039371 	0.008985 	-0.007168 	-0.038967 	0.003836 	-0.020493 	
0.029478 	0.027661 	0.023017 	-0.012013 	-0.002625 	-0.038563 	-0.017162 	-0.021603 	-0.036039 	0.037958 	
0.035939 	-0.024733 	0.010499 	0.012821 	0.022916 	-0.009893 	-0.042904 	-0.026651 	0.012013 	-0.016556 	
-0.007369 	-0.026651 	-0.000606 	0.018878 	0.014537 	0.010499 	-0.022613 	-0.043106 	0.022108 	-0.033718 	
0.022411 	0.036645 	0.044418 	-0.004947 	0.009691 	0.026853 	0.042500 	-0.022411 	-0.009590 	-0.044015 	
-0.034828 	-0.024127 	0.017263 	-0.039270 	-0.026146 	-0.010196 	0.001312 	-0.018575 	0.049163 	-0.037150 	
-0.050072 	-0.008682 	0.022310 	-0.000101 	-0.040279 	-0.013628 	-0.004543 	0.023219 	0.029377 	0.002625 	
0.039977 	0.036847 	-0.011206 	0.034020 	-0.018575 	-0.016455 	0.010398 	0.008985 	0.011710 	-0.049668 	
-0.049971 	-0.038058 	0.012316 	0.017868 	0.008682 	-0.028771 	-0.007268 	-0.004947 	0.038664 	-0.008581 	
0.008379 	0.039169 	0.033213 	0.015748 	0.024127 	-0.022007 	-0.048255 	-0.030891 	-0.049264 	-0.033819 	
0.022310 	0.041289 	-0.011912 	-0.003836 	0.024834 	-0.045327 	0.030285 	0.020291 	0.014133 	0.027055 	
-0.044216 	0.014739 	-0.025944 	-0.046841 	0.017666 	0.033213 	0.010398 	-0.040078 	-0.022209 	-0.001413 	
0.001817 	-0.028771 	0.022815 	0.020089 	0.037554 	-0.003533 	0.048557 	-0.025642 	0.016152 	0.049870 	
0.026550 	-0.012013 	-0.024733 	-0.035838 	0.034626 	-0.014840 	-0.030689 	0.049971 	-0.045024 	-0.031396 	
0.026550 	-0.003230 	0.033819 	-0.014335 	0.035939 	0.001010 	-0.031598 	-0.004139 	0.046942 	-0.003331 	
0.045024 	-0.001716 	0.018474 	0.017364 	0.003432 	0.041087 	-0.036544 	0.001514 	-0.035030 	-0.035333 	
0.000909 	0.041996 	0.038664 	0.026651 	-0.044317 	-0.042601 	-0.003129 	0.011105 	-0.043005 	0.002423 	
0.030184 	-0.031396 	-0.015748 	0.013527 	0.004846 	-0.030184 	-0.000404 	0.023723 	0.016152 	-0.003937 	
0.005552 	0.046236 	-0.020594 	0.009086 	0.013225 	0.033314 	-0.000303 	-0.038260 	0.019887 	0.015143 	
0.012417 	0.005956 	0.042197 	0.000606 	0.017666 	-0.017061 	0.008480 	-0.035838 	0.044519 	-0.049466 	
0.017061 	0.024228 	-0.030285 	-0.013628 	0.022815 	-0.040380 	0.006663 	0.007470 	0.033819 	-0.027560 	
-0.011407 	0.024430 	0.003735 	0.018474 	-0.016960 	-0.033516 	0.036847 	0.033213 	0.014234 	0.006360 	
0.033415 	-0.023824 	-0.038159 	0.025137 	0.027257 	-0.035434 	-0.042298 	0.020897 	-0.020796 	-0.048255 	
0.021906 	-0.018676 	-0.038866 	0.042097 	0.018272 	-0.030992 	-0.048759 	-0.025541 	0.027055 	-0.029781 	
0.032910 	-0.034828 	0.045125 	-0.013729 	-0.031194 	0.013326 	0.038765 	-0.044822 	-0.003937 	0.038159 	
0.047548 	0.014638 	-0.036140 	-0.005552 	-0.010701 	-0.023723 	0.009590 	0.033011 	0.047649 	0.039270 	
-0.030083 	0.019080 	-0.029781 	-0.018474 	0.046336 	0.038967 	0.001010 	-0.017364 	-0.001514 	0.013124 	
0.038866 	0.016556 	0.028872 	-0.031800 	-0.012114 	0.048154 	0.032001 	-0.023824 	-0.011609 	0.013124 	
-0.036140 	0.021099 	-0.022714 	0.013830 	-0.034929 	-0.048255 	0.040582 	-0.040279 	0.035232 	-0.027661 	
0.049567 	-0.045327 	-0.023522 	0.004846 	0.022209 	-0.027661 	0.028872 	0.008379 	0.041087 	-0.023118 	
-0.028973 	0.029478 	-0.021503 	-0.015042 	-0.017263 	0.016859 	0.018171 	-0.035737 	0.043611 	-0.043813 	
0.027963 	-0.007470 	-0.037655 	-0.009691 	-0.044116 	-0.022108 	-0.007470 	-0.018474 	0.023723 	0.012922 	
0.004341 	-0.042601 	-0.047346 	0.031396 	0.012720 	-0.039977 	-0.011206 	-0.008884 	0.018878 	-0.020594 	
-0.046942 	-0.025036 	-0.005956 	0.017666 	0.010499 	0.027257 	-0.015950 	-0.021805 	0.042097 	-0.022815 	
0.020392 	-0.045832 	-0.045125 	0.033213 	-0.005048 	-0.038765 	-0.003735 	-0.027358 	0.028872 	-0.030487 	
0.036039 	-0.017263 	-0.022613 	0.039169 	-0.036342 	-0.024834 	0.049668 	0.003029 	-0.048658 	-0.047346 	
-0.032506 	-0.009590 	-0.021805 	0.012013 	-0.042399 	-0.026247 	0.024430 	-0.007773 	0.037958 	0.016051 	
-0.045529 	0.043510 	-0.044721 	-0.040178 	0.026247 	0.036241 	0.007168 	0.007571 	-0.041592 	-0.014436 	
0.027560 	0.044923 	-0.046639 	-0.009994 	-0.031699 	0.003129 	0.015647 	0.003029 	-0.008783 	0.017465 	
0.006259 	0.009187 	-0.042500 	-0.030487 	0.006360 	-0.034424 	0.029276 	-0.019685 	0.008278 	0.016758 	
-0.018575 	0.048860 	0.009792 	-0.012821 	-0.041794 	0.021200 	0.008480 	-0.049567 	-0.021704 	0.017465 	
0.022007 	-0.008985 	0.047447 	0.025944 	0.031497 	0.000808 	-0.021402 	-0.003230 	-0.046538 	0.020291 	
-0.000707 	0.045731 	0.014537 	0.042803 	-0.035232 	0.005956 	-0.041996 	-0.020897 	0.036746 	-0.048658 	
0.046336 	0.003230 	-0.050274 	0.041289 	-0.024531 	-0.005956 	0.012013 	0.034525 	0.030487 	-0.024632 	
0.001514 	0.002120 	0.016859 	0.034020 	0.013124 	0.033516 	-0.015546 	0.042197 	0.015345 	-0.011609 	
0.047548 	-0.035838 	0.019181 	0.047144 	-0.043409 	0.034424 	0.002726 	0.000606 	-0.001413 	0.024531 	
0.037958 	-0.005552 	-0.022613 	0.038260 	0.020796 	0.038866 	0.017364 	0.017868 	0.022916 	-0.002625 	
-0.021603 	0.009489 	-0.015445 	0.045731 	-0.006865 	0.048154 	-0.036645 	-0.037352 	-0.025541 	0.029175 	
0.001514 	0.007067 	-0.021503 	-0.029781 	0.003836 	0.021099 	-0.010297 	-0.008379 	-0.028771 	0.038765 	
0.001211 	-0.041289 	0.018272 	-0.036342 	-0.017969 	0.024228 	-0.047851 	-0.015546 	-0.008379 	-0.039876 	
0.032405 	-0.044923 	0.020190 	-0.033516 	-0.049567 	-0.001615 	-0.000202 	-0.000202 	0.011508 	0.024733 	
-0.021402 	-0.001918 	-0.018575 	0.043106 	-0.046639 	-0.029680 	0.013729 	0.029074 	0.047952 	-0.029982 	
-0.048053 	-0.001312 	0.014739 	-0.044721 	0.012922 	0.047346 	0.029982 	0.015546 	0.016859 	0.006764 	
-0.039270 	-0.001211 	0.012316 	0.031396 	-0.049567 	0.048759 	0.014840 	0.000707 	-0.001817 	0.011407 	
0.010499 	-0.038159 	-0.040986 	0.042399 	-0.009994 	-0.001615 	-0.002221 	-0.046740 	-0.023017 	-0.004745 	
0.009287 	-0.020594 	0.044519 	-0.026449 	-0.014739 	0.042500 	0.005956 	-0.035232 	0.043106 	-0.027560 	
-0.043409 	-0.046639 	-0.043712 	0.019484 	-0.030083 	-0.007268 	-0.047649 	0.035232 	0.043914 	0.001010 	
0.031800 	0.039573 	0.048860 	0.041289 	-0.033920 	-0.011609 	0.024834 	0.014436 	0.027661 	-0.048658 	
-0.005249 	-0.013527 	-0.018676 	0.024329 	0.046135 	-0.048355 	0.016354 	0.037150 	0.002423 	0.044519 	
-0.040885 	0.009590 	0.048456 	0.001514 	0.014133 	-0.032102 	0.044721 	0.016960 	-0.011811 	-0.027156 	
0.003129 	-0.030487 	-0.038058 	0.037049 	-0.004038 	0.014032 	-0.024935 	-0.029680 	-0.022007 	-0.047750 	
-0.027862 	0.023320 	0.024834 	0.039472 	0.032708 	0.020493 	-0.023824 	-0.001312 	0.042702 	0.029175 	
-0.007268 	-0.013023 	0.023824 	0.026247 	0.038967 	-0.012518 	0.044620 	-0.032203 	-0.010499 	0.017969 	
0.026651 	-0.022310 	0.037958 	-0.026348 	-0.035636 	-0.016556 	0.038260 	0.025440 	0.039775 	-0.034222 	
-0.037251 	-0.038462 	-0.025843 	0.038058 	-0.013931 	-0.043510 	0.043611 	0.012821 	0.041188 	0.035939 	
0.027055 	0.018979 	-0.027560 	0.000404 	-0.005148 	-0.003533 	-0.027055 	0.024531 	0.014739 	0.048456 	
0.027560 	-0.008985 	-0.024228 	0.015143 	0.015143 	0.026146 	-0.016354 	0.002928 	0.001110 	-0.026954 	
-0.046135 	0.049870 	0.020594 	0.014032 	-0.027862 	-0.008278 	-0.044418 	-0.034727 	-0.010398 	0.047245 	
-0.013729 	-0.033819 	-0.049567 	0.044721 	0.017061 	-0.004240 	0.026247 	0.040481 	0.005350 	0.026146 	
-0.026853 	-0.017465 	0.002221 	0.034929 	-0.017263 	0.002423 	0.010600 	-0.048557 	-0.045024 	-0.003230 	
0.010499 	-0.005148 	-0.003836 	0.016152 	-0.006057 	0.018777 	-0.042500 	0.000101 	-0.030790 	-0.002423 	
-0.003129 	0.041491 	0.014335 	0.033314 	-0.029579 	0.016455 	0.014133 	0.047144 	0.042097 	-0.030891 	
-0.042601 	-0.035232 	0.037655 	0.010095 	0.050173 	-0.030083 	-0.037857 	0.010297 	0.007369 	0.003129 	
-0.007874 	-0.032506 	0.048456 	-0.026651 	0.034121 	-0.008076 	0.042702 	0.042097 	0.042500 	-0.003029 	
0.024834 	0.024531 	0.023522 	0.024228 	0.042904 	0.044418 	-0.009792 	0.006663 	-0.024228 	-0.018171 	
-0.039169 	-0.016354 	0.032607 	0.048961 	0.044317 	0.032304 	0.003937 	-0.008480 	0.027661 	-0.039169 	
0.045125 	-0.030689 	-0.021200 	0.043106 	0.028771 	-0.001918 	0.020089 	-0.044418 	0.025238 	0.047750 	
0.003029 	-0.000404 	-0.043611 	0.011609 	-0.026651 	0.049769 	0.005653 	0.049668 	0.041491 	-0.033516 	
0.016556 	-0.048154 	0.036140 	-0.001211 	-0.049668 	-0.035434 	-0.019383 	0.040279 	0.006562 	-0.006562 	
-0.013729 	0.001211 	0.048759 	0.015546 	0.029377 	0.027055 	-0.001312 	0.034626 	0.033112 	-0.026449 	
0.031900 	0.021200 	0.023623 	-0.026651 	-0.017565 	-0.017868 	0.008177 	-0.026853 	-0.018676 	-0.000707 	
-0.009893 	0.048355 	0.001615 	-0.024228 	-0.003331 	0.038058 	0.026449 	-0.037554 	0.027862 	-0.017465 	
0.006360 	-0.036342 	0.034323 	0.040178 	-0.035636 	0.013225 	0.016859 	0.013527 	-0.002625 	-0.000505 	
-0.027862 	0.014335 	0.005855 	0.046336 	-0.027257 	0.038765 	0.013527 	0.031497 	-0.038563 	0.045327 	
0.015849 	0.037554 	-0.022209 	-0.033011 	-0.001615 	-0.040380 	-0.009893 	-0.025642 	0.008076 	0.003129 	
0.007470 	-0.000505 	-0.048154 	0.026853 	-0.010802 	0.002221 	-0.010398 	-0.044418 	-0.034626 	-0.027862 	
0.041188 	-0.012013 	-0.028468 	-0.003432 	0.019383 	-0.005148 	0.020392 	-0.017565 	0.011407 	-0.033112 	
0.012821 	-0.023219 	-0.046034 	-0.024228 	0.029781 	0.002827 	-0.014133 	0.005048 	-0.037655 	0.044418 	
-0.042298 	-0.045125 	0.028973 	-0.039977 	0.032203 	-0.032304 	0.012821 	0.006865 	0.009388 	-0.036746 	
-0.035939 	0.035636 	0.037251 	-0.013830 	0.017263 	0.041794 	-0.033920 	-0.012821 	0.009287 	-0.037453 	
0.004543 	-0.028266 	0.025339 	0.044519 	-0.002019 	0.040178 	0.032405 	-0.031093 	-0.005249 	0.045226 	
-0.001615 	0.002928 	-0.050374 	-0.023118 	0.049062 	-0.033112 	0.030588 	0.046942 	0.024329 	-0.010499 	
-0.004745 	0.038866 	-0.025339 	0.017565 	0.010095 	-0.023017 	0.008884 	0.026651 	0.014638 	-0.032203 	
0.039674 	0.004240 	0.025541 	0.050072 	-0.001716 	0.008581 	0.039876 	0.015849 	0.027963 	-0.015849 	
0.010600 	-0.024127 	-0.027761 	0.046336 	0.038765 	0.006360 	-0.037251 	0.018878 	0.002827 	-0.027862 	
-0.006461 	-0.016859 	-0.039371 	-0.046740 	-0.049769 	0.021200 	-0.019181 	0.009691 	0.033011 	-0.019484 	
-0.037453 	-0.043207 	-0.030083 	-0.026853 	-0.043510 	-0.046740 	0.032203 	0.046841 	0.019584 	0.045226 	
-0.019484 	0.015345 	0.006158 	0.003230 	0.011206 	-0.005552 	-0.040885 	-0.040986 	-0.001615 	0.047952 	
-0.018272 	0.042399 	-0.019383 	-0.007168 	0.046236 	0.016960 	-0.000909 	0.012114 	-0.023824 	-0.018373 	
0.043106 	0.024733 	-0.011004 	-0.037453 	0.048355 	0.031497 	-0.033617 	-0.035333 	0.027862 	0.036443 	
-0.040582 	-0.042097 	0.036847 	0.016051 	0.047245 	-0.002423 	-0.039977 	-0.008581 	0.042702 	0.044418 	
0.024531 	-0.026045 	0.036443 	-0.009792 	-0.048154 	0.032203 	-0.043308 	0.036948 	-0.006158 	0.018878 	
-0.031800 	0.022007 	-0.006865 	0.043207 	0.035131 	0.026550 	0.024228 	-0.013426 	0.041693 	0.037150 	
0.008076 	-0.013830 	-0.019887 	-0.005451 	-0.048255 	-0.023118 	-0.022815 	-0.002221 	-0.046538 	-0.030588 	
-0.008177 	0.028468 	-0.006158 	0.013326 	0.003735 	0.031699 	-0.004947 	0.011004 	0.018272 	-0.026045 	
-0.020594 	-0.028468 	-0.018979 	-0.042298 	-0.000202 	0.001211 	0.034727 	0.009086 	0.038260 	-0.039371 	
-0.004240 	0.031497 	0.032809 	-0.039068 	0.011105 	0.035131 	-0.011609 	0.038765 	0.017969 	0.027862 	
-0.042197 	-0.005148 	0.041390 	0.037655 	-0.042298 	-0.005350 	-0.046437 	0.038765 	-0.044822 	-0.043106 	
-0.002221 	-0.014840 	-0.021099 	0.029377 	0.028872 	-0.036241 	-0.019887 	0.048658 	0.023320 	0.003533 	
-0.005653 	0.004139 	-0.015445 	-0.023219 	0.015546 	0.046135 	-0.003029 	-0.011004 	-0.030992 	-0.035535 	
0.001918 	-0.022714 	0.009893 	-0.007168 	0.000101 	0.018070 	0.038058 	0.039674 	0.041996 	-0.021704 	
0.047043 	-0.010701 	0.049466 	-0.024531 	-0.031800 	0.027862 	0.025238 	-0.001110 	0.026146 	0.033617 	
-0.012518 	-0.029982 	0.022815 	0.022512 	-0.002726 	0.023421 	-0.047245 	0.044721 	-0.037958 	-0.027761 	
-0.005653 	0.014436 	0.035636 	-0.010701 	-0.007571 	0.020796 	-0.007571 	0.015546 	0.009994 	-0.016051 	
0.044317 	0.006562 	0.023824 	0.043409 	-0.032910 	0.042500 	-0.044620 	0.042803 	0.026449 	-0.033415 	
-0.039472 	-0.036544 	-0.012821 	0.033819 	-0.028973 	-0.030487 	0.006764 	-0.025742 	-0.000606 	-0.046135 	
0.032607 	-0.021200 	0.018878 	-0.047649 	0.018575 	-0.003634 	0.023623 	-0.039472 	-0.038563 	0.018676 	
-0.004947 	-0.044721 	0.010297 	-0.031598 	-0.016253 	0.027862 	-0.004038 	-0.010297 	-0.045226 	-0.027963 	
0.042298 	-0.034222 	-0.014032 	-0.020998 	-0.015345 	0.007571 	0.034626 	0.041895 	-0.033112 	0.019080 	
0.046336 	-0.015445 	0.048355 	0.050274 	-0.012619 	-0.048961 	-0.003836 	-0.003937 	-0.037958 	0.043611 	
-0.035737 	0.043106 	0.049365 	0.025036 	-0.003432 	0.018272 	0.037958 	0.043106 	-0.006966 	-0.022209 	
-0.035333 	-0.015143 	0.029579 	0.036645 	0.049971 	-0.036241 	0.029276 	-0.031295 	-0.009187 	-0.018676 	
0.038260 	-0.013326 	0.016354 	-0.029276 	0.022007 	-0.011105 	-0.027761 	-0.032304 	0.035434 	0.020291 	
-0.039169 	0.050274 	0.048557 	-0.004745 	-0.040582 	-0.005350 	-0.001413 	-0.017465 	-0.012720 	0.042097 	
0.010802 	0.037958 	0.012114 	-0.009994 	-0.041188 	0.011609 	0.039775 	0.038563 	0.030790 	-0.019887 	
0.004947 	-0.046841 	-0.048154 	-0.029074 	0.009893 	0.024329 	0.010297 	-0.032809 	-0.022916 	0.030790 	
-0.027459 	0.023925 	0.030588 	-0.029377 	-0.031194 	-0.024834 	0.015849 	0.017868 	0.008177 	-0.011811 	
0.045125 	0.004038 	-0.024228 	0.006764 	-0.020897 	-0.014941 	0.003432 	0.004038 	0.008682 	0.019282 	
0.034626 	-0.036746 	0.022916 	0.037049 	0.020190 	-0.017666 	0.046437 	0.015546 	0.035535 	-0.026853 	
-0.004139 	-0.042399 	0.047548 	0.011609 	-0.021200 	0.001413 	-0.028165 	-0.020291 	0.004442 	-0.034929 	
0.018373 	-0.000909 	0.019584 	0.044620 	-0.009086 	-0.016152 	0.014739 	0.044822 	0.038361 	0.008581 	
0.013628 	-0.042904 	-0.043106 	0.021603 	0.044620 	0.027560 	-0.011004 	-0.024733 	-0.007369 	-0.025944 	
-0.001110 	-0.026449 	-0.017868 	-0.004038 	0.035636 	0.046942 	-0.017465 	-0.007470 	-0.023824 	0.037453 	
0.008076 	0.045125 	-0.013931 	-0.022714 	-0.026146 	0.027459 	0.047144 	-0.026247 	-0.043611 	0.035030 	
0.032809 	0.020493 	0.042601 	0.040178 	0.027156 	-0.028569 	-0.048154 	-0.034323 	-0.002827 	0.030487 	
0.025742 	-0.018878 	-0.046437 	-0.042601 	-0.037857 	-0.025642 	-0.010499 	-0.004846 	0.017364 	0.016152 	
-0.017868 	-0.024935 	0.010802 	-0.046740 	0.038361 	-0.030184 	-0.034222 	0.035030 	-0.005956 	-0.027358 	
-0.045832 	-0.023623 	-0.021805 	-0.018171 	0.001615 	-0.045125 	0.039270 	0.003937 	0.006562 	0.021503 	
-0.016051 	-0.018171 	-0.047851 	-0.012013 	0.025339 	0.000404 	0.048355 	-0.035636 	0.046034 	0.015345 	
0.030992 	0.013326 	-0.024531 	0.026954 	0.017061 	-0.001110 	0.047245 	0.033415 	-0.016556 	-0.009187 	
-0.044418 	0.023623 	-0.047750 	0.019887 	-0.045024 	0.004341 	0.025238 	0.044822 	-0.042197 	0.016960 	
0.015849 	-0.007773 	0.049264 	-0.046841 	-0.034727 	-0.041289 	0.004038 	-0.036746 	-0.026449 	-0.000404 	
-0.036342 	-0.010297 	-0.037554 	-0.010398 	-0.033819 	-0.035333 	-0.026449 	-0.037049 	0.048557 	0.043005 	
0.039775 	-0.010802 	0.016152 	0.042500 	-0.041390 	-0.043813 	-0.003634 	-0.030992 	-0.049466 	0.040178 	
0.036443 	-0.048456 	-0.018070 	-0.030184 	-0.009287 	0.033213 	-0.020897 	0.045226 	0.046942 	0.003129 	
0.029881 	-0.004341 	0.043308 	-0.022512 	-0.029680 	-0.005451 	-0.007369 	-0.005653 	0.043510 	0.026247 	
-0.013124 	0.032809 	-0.035030 	-0.047447 	-0.040582 	-0.025843 	-0.005148 	0.041794 	0.029175 	0.031396 	
0.031497 	0.015143 	0.033415 	-0.001514 	-0.029982 	-0.026348 	-0.018676 	-0.000404 	0.003937 	0.013326 	
-0.012114 	-0.016556 	-0.005855 	0.016253 	0.011407 	0.014941 	-0.039573 	-0.010903 	-0.041087 	-0.011004 	
-0.035131 	0.031800 	-0.028569 	-0.019685 	-0.030487 	0.016859 	0.040481 	0.014840 	0.043813 	0.019181 	
-0.004240 	0.024834 	0.019383 	0.014335 	0.008480 	0.039977 	-0.026954 	-0.025137 	0.024632 	0.027560 	
-0.026752 	-0.037958 	-0.039472 	0.017868 	0.028872 	-0.043005 	-0.017565 	-0.025642 	-0.003432 	0.027358 	
0.049365 	0.011912 	0.008682 	0.005855 	0.042702 	-0.036746 	-0.027661 	-0.032607 	0.028569 	-0.034323 	
0.037049 	0.009489 	-0.024430 	0.041592 	-0.026651 	0.034525 	0.031093 	-0.003129 	-0.005552 	0.005249 	
-0.026045 	0.018272 	-0.047548 	0.020493 	-0.014335 	-0.033617 	0.027963 	-0.046841 	0.026752 	0.009590 	
0.030992 	0.025642 	-0.028973 	0.024834 	-0.018878 	-0.001110 	0.038563 	0.003937 	0.016758 	-0.048658 	
-0.045327 	0.038866 	0.011307 	-0.019282 	-0.035434 	-0.030285 	0.000404 	0.046135 	0.017061 	0.045327 	
0.036544 	-0.023824 	0.013124 	0.039472 	-0.018272 	-0.016051 	-0.009086 	-0.005148 	-0.012417 	-0.032809 	
-0.046034 	0.003735 	0.043308 	0.011105 	0.013628 	-0.026045 	-0.040481 	0.037251 	-0.037049 	-0.038664 	
0.039068 	-0.031900 	-0.014739 	0.035434 	0.034929 	0.000404 	-0.045327 	-0.015143 	0.031598 	-0.043106 	
0.015244 	0.017666 	-0.016455 	0.013527 	0.042197 	0.015748 	0.047952 	-0.017364 	-0.039876 	0.020594 	
0.000303 	0.000202 	-0.026146 	0.028771 	-0.039169 	0.037958 	-0.047750 	-0.029175 	-0.040582 	0.001312 	
0.018171 	0.048961 	0.019887 	-0.011508 	-0.031396 	0.039876 	0.039371 	-0.026247 	-0.025742 	-0.044822 	
-0.018878 	0.040078 	-0.042097 	-0.050274 	0.003129 	-0.050274 	0.016051 	0.036140 	0.018373 	-0.038765 	
0.006259 	0.003836 	0.011912 	0.030689 	-0.017868 	0.023219 	-0.047245 	0.020392 	-0.020897 	-0.001817 	
-0.028771 	-0.017666 	-0.003230 	-0.023723 	-0.044015 	0.015849 	-0.034323 	-0.019584 	-0.025339 	-0.009489 	
-0.013931 	0.041895 	0.015647 	-0.005451 	0.042097 	0.003836 	0.030285 	0.007672 	-0.010499 	-0.001817 	
-0.045933 	-0.019181 	-0.048456 	-0.048961 	-0.003432 	-0.015849 	-0.040582 	0.035434 	-0.045832 	0.024531 	
-0.016859 	-0.024127 	-0.007975 	0.030386 	0.038159 	-0.001514 	0.031295 	-0.046538 	0.029377 	-0.008884 	
0.029982 	-0.034929 	-0.017465 	-0.004846 	0.010095 	-0.025843 	-0.015950 	-0.010095 	-0.033011 	-0.041390 	
-0.026853 	0.007067 	-0.010095 	-0.024733 	0.008581 	0.037049 	0.045428 	0.018474 	0.022007 	0.050072 	
0.028165 	-0.045327 	0.011105 	-0.030285 	-0.029781 	-0.001211 	0.018676 	-0.013426 	0.038260 	-0.002423 	
0.028165 	0.017767 	0.048658 	-0.004240 	-0.037554 	0.043813 	0.020493 	0.032506 	0.018777 	-0.027459 	
0.041592 	0.042500 	0.030083 	-0.018878 	-0.032708 	0.023723 	-0.032304 	-0.002221 	0.027358 	0.040178 	
-0.002524 	0.005048 	-0.020089 	-0.006360 	0.025238 	0.000606 	-0.022512 	0.028973 	-0.027661 	-0.034626 	
0.011609 	-0.049971 	0.033617 	0.009893 	0.031900 	-0.018777 	0.003230 	0.001918 	-0.036746 	-0.028367 	
-0.040481 	-0.045529 	-0.000808 	-0.025339 	-0.013931 	-0.048456 	0.048860 	0.039775 	-0.000202 	0.025742 	
-0.035939 	-0.017666 	0.015849 	-0.005552 	0.026449 	-0.009388 	-0.019786 	-0.010903 	0.004644 	0.003029 	
0.004947 	-0.034121 	0.039068 	0.023623 	0.026247 	0.020493 	-0.045630 	0.014537 	0.007470 	0.003735 	
-0.028771 	0.017465 	0.044216 	0.020897 	0.042601 	0.015345 	0.022916 	-0.024329 	0.004644 	-0.027661 	
-0.049062 	-0.046236 	0.005148 	-0.048053 	-0.001312 	0.016758 	0.028569 	-0.036039 	-0.044620 	-0.017162 	
0.017465 	0.046336 	-0.000808 	0.041693 	0.019484 	0.010499 	0.011710 	-0.040986 	-0.025440 	-0.031194 	
0.013225 	0.031900 	-0.028670 	0.006966 	0.002322 	-0.000909 	0.007369 	0.010398 	0.025238 	-0.038462 	
-0.032203 	-0.038765 	0.001312 	-0.041996 	-0.036342 	-0.050475 	0.025238 	0.042803 	-0.000404 	-0.034323 	
-0.024834 	0.002120 	-0.038462 	-0.040582 	-0.006663 	-0.033819 	0.020392 	-0.045327 	-0.024329 	-0.019988 	
0.009489 	-0.026045 	-0.038563 	0.031295 	-0.034020 	0.049870 	0.015445 	0.023824 	0.009792 	-0.009792 	
-0.029579 	0.028064 	0.002019 	0.022209 	0.036544 	-0.049264 	-0.043207 	0.046942 	0.044015 	0.006865 	
-0.037857 	0.004240 	-0.005855 	0.009792 	0.014133 	0.037958 	0.026449 	0.019584 	-0.022310 	-0.012821 	
0.050173 	-0.027761 	0.047144 	-0.003331 	-0.011307 	-0.037352 	-0.003937 	-0.046336 	-0.028468 	-0.009086 	
-0.005552 	-0.007571 	0.004038 	-0.018474 	-0.000303 	-0.009792 	-0.017263 	0.006966 	0.022209 	-0.023623 	
-0.001010 	-0.030588 	0.031093 	0.043611 	-0.035737 	0.030386 	-0.034323 	-0.024228 	-0.000505 	-0.006057 	
0.013426 	0.034727 	-0.048759 	0.010095 	-0.018979 	-0.009590 	-0.042197 	-0.037857 	-0.005350 	-0.020190 	
0.003634 	-0.025843 	-0.042702 	-0.042803 	0.006158 	0.007470 	0.033415 	0.039371 	-0.035939 	0.040683 	
0.000808 	0.049062 	-0.040279 	0.017061 	0.042197 	0.009994 	-0.003029 	-0.042601 	0.036342 	0.046942 	
0.037352 	0.034828 	0.031295 	0.039169 	-0.005451 	-0.038159 	0.014638 	0.038361 	0.009994 	-0.041188 	
-0.032203 	-0.001312 	0.018979 	0.011105 	0.041996 	-0.025339 	-0.031800 	0.024935 	-0.000808 	0.018272 	
-0.050173 	-0.014941 	0.016859 	-0.004442 	-0.048355 	0.044116 	-0.044923 	-0.000909 	-0.048961 	0.041895 	
-0.004341 	-0.026449 	0.026348 	-0.023522 	-0.002221 	0.005956 	0.024329 	-0.038058 	-0.006158 	0.019383 	
0.006865 	0.047649 	-0.032304 	-0.024632 	0.043914 	-0.040784 	0.036140 	-0.038361 	-0.030790 	0.020392 	
0.030386 	-0.030487 	-0.045024 	0.032304 	0.015546 	-0.042803 	0.025944 	-0.044216 	0.006764 	0.027459 	
0.048154 	-0.012518 	-0.013931 	-0.041390 	0.049971 	0.034323 	-0.050374 	-0.041592 	-0.018575 	0.029579 	
0.028367 	0.038765 	0.026752 	0.046538 	-0.000808 	0.020190 	-0.044721 	0.020392 	-0.033112 	0.010499 	
-0.009691 	-0.017666 	0.030588 	-0.004139 	-0.035838 	0.031194 	0.039068 	0.040582 	0.037453 	-0.004644 	
-0.047750 	-0.030184 	-0.032001 	0.024329 	0.014436 	-0.032506 	0.008278 	0.014638 	-0.023522 	-0.025238 	
-0.006259 	-0.045630 	-0.036948 	0.005552 	-0.014032 	0.048255 	0.010903 	0.027257 	0.018272 	0.028266 	
-0.012720 	-0.006360 	-0.039775 	0.002928 	0.039977 	0.010398 	-0.016253 	-0.036847 	0.036140 	0.006259 	
0.009086 	0.038866 	-0.038866 	-0.037857 	0.012720 	0.026146 	-0.019887 	0.006057 	-0.009691 	0.042601 	
0.031295 	0.034525 	0.047447 	-0.020594 	-0.010398 	0.018474 	0.012821 	-0.049971 	-0.004745 	-0.019383 	
-0.036544 	0.033112 	0.024733 	0.009691 	0.021099 	0.049870 	-0.030386 	-0.045630 	-0.037453 	-0.044721 	
0.046740 	-0.043308 	-0.020796 	-0.042601 	-0.030689 	-0.022916 	-0.031396 	0.035535 	0.033617 	0.009388 	
0.027661 	0.050072 	0.028973 	-0.040683 	0.014537 	0.003735 	0.028266 	-0.023118 	0.039775 	-0.026853 	
0.007975 	-0.047245 	-0.008682 	0.017868 	0.012922 	-0.038058 	-0.048154 	-0.032304 	0.002423 	0.000404 	
0.008985 	-0.001312 	0.007672 	0.038765 	0.042097 	-0.037958 	-0.034626 	-0.039674 	0.048053 	-0.015950 	
-0.045226 	-0.040078 	0.019181 	0.034323 	-0.030285 	-0.016657 	-0.012417 	0.048456 	0.010701 	-0.023118 	
0.006663 	0.003836 	0.015748 	0.048456 	0.006764 	0.013729 	-0.004442 	0.009086 	-0.033516 	0.048456 	
-0.040986 	0.026045 	0.032203 	-0.048255 	0.049870 	-0.041592 	-0.035636 	0.000303 	-0.030790 	-0.002524 	
-0.030588 	0.010095 	0.007874 	0.039169 	0.029478 	-0.037352 	-0.027963 	-0.033415 	-0.003735 	-0.032203 	
0.029478 	-0.047548 	0.022108 	0.030285 	-0.049466 	-0.021603 	0.029175 	-0.003432 	-0.027459 	0.046135 	
0.030083 	-0.017868 	0.021704 	0.011811 	0.019887 	-0.044317 	0.020695 	-0.030689 	0.006461 	-0.024935 	
0.017364 	0.026449 	-0.029781 	0.010297 	0.015143 	0.050173 	-0.041895 	-0.027761 	0.001817 	0.004846 	
-0.009489 	0.016354 	0.007773 	-0.002221 	-0.003735 	0.044317 	-0.038765 	-0.025036 	0.025944 	-0.015647 	
0.006158 	0.005552 	-0.048456 	-0.022512 	0.002423 	0.021906 	0.019181 	0.008278 	0.041794 	-0.024733 	
-0.031598 	0.044216 	-0.048759 	-0.010903 	0.039573 	-0.048557 	0.024329 	0.048154 	0.009691 	-0.024329 	
0.002524 	-0.050274 	-0.022916 	-0.004543 	0.033516 	0.023824 	-0.010701 	0.045327 	-0.016152 	0.000404 	
-0.020796 	0.040582 	-0.044519 	-0.018777 	0.003129 	0.044015 	-0.011811 	-0.028165 	0.037352 	-0.020493 	
0.033112 	-0.044721 	0.008783 	-0.030588 	0.030386 	-0.002019 	0.006865 	0.039775 	-0.004341 	-0.033920 	
-0.035030 	-0.016657 	0.001918 	-0.007470 	0.029276 	-0.015042 	0.001514 	0.003634 	0.015345 	-0.029579 	
-0.046437 	0.045024 	-0.003937 	-0.004846 	0.011307 	-0.015748 	-0.011307 	0.050072 	0.042197 	0.011105 	
0.014638 	0.024834 	-0.048557 	-0.026954 	-0.020594 	0.032304 	-0.043914 	0.036746 	-0.043813 	0.002221 	
-0.047548 	-0.028367 	-0.029377 	0.004846 	0.050173 	-0.015042 	-0.025137 	0.036746 	0.039169 	0.040784 	
-0.043207 	0.043207 	-0.030083 	0.038866 	0.023421 	0.031800 	-0.027257 	-0.002827 	-0.034020 	-0.035535 	
-0.042197 	-0.034323 	-0.025642 	-0.040279 	0.024733 	0.004240 	-0.022916 	0.031295 	-0.009388 	-0.016253 	
0.018676 	-0.006461 	0.041390 	0.039775 	-0.016556 	-0.024228 	-0.025642 	0.044317 	-0.037958 	-0.001413 	
0.034626 	0.004846 	0.026853 	-0.010297 	-0.006663 	-0.000101 	-0.028973 	-0.048860 	0.047548 	0.023017 	
-0.033920 	-0.009489 	0.039169 	-0.009086 	0.000707 	0.013527 	-0.019685 	-0.037049 	-0.005653 	0.021402 	
-0.002827 	-0.001918 	0.000000 	0.023723 	-0.012518 	-0.031497 	0.049971 	0.047851 	-0.037655 	-0.002928 	
-0.004038 	-0.017868 	-0.048456 	-0.027661 	-0.043106 	0.030891 	0.022714 	-0.021603 	0.032506 	-0.045529 	
-0.013527 	-0.016354 	-0.004543 	0.010701 	-0.040380 	-0.018777 	0.009287 	-0.009590 	-0.005350 	-0.011206 	
-0.003129 	-0.023017 	0.037352 	-0.018070 	-0.049769 	-0.025642 	0.000909 	-0.014739 	-0.028266 	0.049365 	
0.032809 	-0.047245 	0.016556 	-0.030588 	-0.024329 	0.023925 	-0.014638 	0.048860 	-0.012619 	0.002928 	
-0.047144 	-0.041087 	0.037049 	0.034323 	0.020089 	-0.018171 	-0.034828 	-0.020998 	0.022714 	0.010297 	
-0.047144 	0.004745 	-0.027661 	0.040683 	0.037150 	-0.026954 	0.000202 	0.023219 	0.044317 	-0.043005 	
0.022108 	-0.038664 	-0.039674 	0.023723 	-0.018777 	-0.013527 	-0.002827 	-0.048255 	0.020392 	-0.030386 	
0.005148 	-0.041592 	-0.020998 	0.027358 	0.043207 	0.049567 	-0.041289 	-0.006562 	0.013628 	-0.033516 	
-0.046639 	0.016960 	0.021704 	-0.023824 	0.007268 	0.044015 	0.035333 	-0.007470 	0.016758 	-0.036241 	
0.000000 	0.023925 	-0.024430 	0.010802 	-0.002827 	0.042904 	-0.017666 	0.044822 	0.045125 	-0.047649 	
-0.036039 	0.035333 	-0.038765 	-0.006562 	0.012215 	-0.010499 	0.028064 	0.021402 	0.033516 	-0.008682 	
0.038462 	-0.028064 	-0.006663 	0.045226 	0.034121 	-0.014335 	0.038765 	-0.046437 	0.028670 	0.040582 	
-0.032102 	-0.021704 	0.014032 	0.029478 	-0.025843 	-0.039270 	0.021906 	0.007067 	-0.009388 	-0.048860 	
0.009893 	0.040582 	0.037049 	-0.043813 	0.019080 	0.034323 	0.031699 	-0.003230 	0.005350 	0.014739 	
-0.026853 	0.028872 	-0.028266 	0.016960 	-0.041794 	-0.044519 	-0.047750 	-0.017868 	-0.004947 	-0.034020 	
-0.027761 	0.013426 	-0.005249 	0.036847 	-0.007470 	0.019484 	0.048053 	-0.000505 	-0.023925 	-0.011710 	
0.036746 	-0.028973 	0.013931 	0.023320 	-0.022310 	-0.017364 	0.007168 	-0.005552 	0.029881 	-0.002423 	
-0.005653 	-0.047447 	0.011508 	0.016556 	-0.045428 	-0.045125 	-0.042904 	-0.007168 	-0.012518 	0.002726 	
0.009388 	0.045731 	0.001211 	-0.010802 	0.032102 	-0.021200 	-0.041794 	-0.035636 	0.028872 	0.020291 	
0.038664 	0.015143 	0.041794 	0.002120 	0.023522 	0.004543 	0.035232 	0.015748 	-0.015849 	0.014638 	
-0.001514 	0.028973 	-0.047750 	-0.004947 	-0.004947 	-0.007067 	0.000404 	0.038260 	-0.029175 	-0.027055 	
0.026045 	0.030689 	-0.031699 	-0.023219 	0.005048 	-0.050072 	0.006158 	0.013729 	0.000303 	0.020089 	
0.019181 	-0.011508 	0.020291 	0.046034 	0.041188 	0.028872 	0.035737 	-0.039472 	0.029680 	-0.030588 	
-0.039674 	-0.022310 	0.048860 	-0.001413 	-0.042097 	0.028973 	0.041996 	0.044317 	-0.048658 	-0.037554 	
-0.033112 	0.027862 	-0.021805 	-0.014335 	-0.045731 	0.033718 	0.021603 	0.046437 	0.032607 	0.007067 	
-0.049365 	0.036847 	0.046034 	-0.044015 	0.032405 	-0.028670 	-0.030083 	-0.047750 	-0.017565 	0.050072 	
0.007672 	0.028771 	0.012922 	0.041592 	-0.023118 	0.021301 	0.020190 	0.004038 	-0.050274 	-0.043409 	
-0.048456 	-0.032910 	0.035030 	-0.019786 	0.038765 	-0.025642 	-0.000909 	0.045529 	-0.029680 	0.016758 	
0.002120 	0.006966 	0.003129 	0.033213 	0.013426 	0.020594 	-0.045832 	0.033819 	0.023421 	0.022613 	
-0.032001 	-0.019383 	0.000909 	0.031396 	-0.028165 	-0.037150 	0.037756 	-0.022916 	0.017364 	0.038058 	
-0.015849 	0.019383 	-0.009792 	0.004240 	0.050173 	-0.021402 	0.029074 	0.034323 	0.009187 	0.049870 	
0.000606 	-0.039169 	0.041895 	-0.011206 	0.044519 	0.004846 	-0.041087 	-0.016253 	0.023723 	-0.032607 	
-0.008581 	0.042298 	-0.001413 	-0.022613 	-0.042197 	-0.044519 	-0.009187 	0.046135 	0.018575 	-0.042298 	
-0.031699 	-0.047750 	-0.037756 	0.008985 	0.042601 	-0.002524 	0.038058 	0.021200 	-0.018676 	-0.003230 	
-0.044721 	-0.033011 	0.043611 	0.047649 	0.006259 	-0.027661 	0.037655 	-0.049769 	0.042097 	0.010903 	
-0.031800 	-0.016859 	0.038260 	-0.048154 	0.046538 	-0.018777 	-0.042197 	-0.013124 	-0.023118 	0.026853 	
0.030689 	0.031194 	-0.035838 	0.043409 	-0.010297 	-0.043712 	-0.009590 	0.012922 	0.028064 	-0.043207 	
-0.005249 	-0.031598 	-0.025742 	-0.012013 	-0.034424 	-0.034424 	0.046336 	-0.011710 	-0.033718 	0.037958 	
-0.015647 	-0.015042 	-0.029377 	-0.027862 	-0.012720 	-0.033213 	0.003836 	-0.004442 	0.039674 	-0.034222 	
0.007470 	-0.045529 	0.047447 	-0.043207 	0.048355 	0.022310 	-0.000909 	0.023824 	-0.015244 	0.012215 	
0.031093 	0.029982 	0.031093 	-0.009590 	0.003029 	0.047245 	0.006461 	-0.001110 	-0.014941 	0.023320 	
-0.013527 	0.019887 	-0.042197 	0.043106 	-0.022815 	0.031194 	-0.005048 	-0.033920 	0.011811 	0.019786 	
0.017969 	-0.031093 	0.024733 	-0.050475 	0.011710 	0.022714 	0.022310 	-0.039674 	0.031598 	-0.007874 	
0.023118 	0.047851 	-0.028266 	0.003735 	-0.012215 	-0.040178 	0.036039 	-0.020594 	0.009287 	0.006259 	
-0.047750 	0.046236 	-0.024329 	-0.003937 	-0.026550 	0.038866 	-0.023219 	0.018979 	-0.009893 	-0.026247 	
-0.011710 	-0.042399 	-0.006865 	-0.037453 	-0.042399 	-0.010095 	-0.029680 	-0.034929 	0.000707 	-0.012922 	
0.007672 	-0.026651 	-0.015546 	-0.035535 	0.027661 	-0.042702 	-0.025137 	0.013225 	-0.012821 	-0.030790 	
-0.030992 	-0.010095 	0.000505 	0.030790 	-0.028872 	0.024430 	-0.046236 	0.033920 	0.028468 	-0.005653 	
-0.042803 	0.001817 	0.002423 	0.036342 	-0.050475 	0.046135 	-0.024228 	-0.029680 	-0.039270 	0.027055 	
0.043409 	-0.046538 	-0.014537 	-0.022613 	-0.031497 	-0.037352 	-0.014739 	0.029377 	-0.038967 	0.022916 	
-0.016354 	0.016051 	-0.002019 	0.034626 	0.031900 	-0.045832 	0.008581 	0.036241 	0.038563 	0.022209 	
-0.019887 	-0.019080 	-0.026449 	-0.032304 	-0.033213 	-0.026449 	-0.001110 	0.028670 	0.029982 	0.010095 	
0.040784 	0.022916 	0.049567 	-0.024228 	-0.050072 	0.003129 	-0.011004 	0.021200 	0.017565 	0.036039 	
0.029175 	-0.049264 	0.001615 	-0.023320 	0.035838 	0.018676 	-0.018676 	0.029579 	0.004442 	0.005048 	
0.001312 	-0.030386 	0.036443 	-0.040078 	0.023320 	-0.047245 	-0.015950 	-0.028266 	-0.033516 	-0.000909 	
-0.033112 	-0.043207 	-0.028468 	0.001615 	-0.016859 	0.007470 	-0.045731 	-0.042803 	0.013729 	0.022411 	
0.043712 	-0.007470 	0.023623 	0.030386 	0.019685 	0.044620 	-0.001413 	-0.013830 	-0.041693 	-0.011912 	
0.041693 	0.010095 	0.043813 	0.027661 	-0.044923 	-0.048759 	-0.034525 	0.025137 	-0.026449 	-0.017465 	
-0.026247 	0.026449 	0.025339 	-0.004139 	-0.022411 	-0.041996 	-0.011609 	0.017969 	-0.034323 	-0.048255 	
-0.010095 	-0.005552 	-0.005249 	-0.001413 	-0.025541 	-0.000505 	0.028266 	-0.041895 	0.036140 	0.037049 	
0.032304 	-0.038058 	0.032203 	-0.039775 	0.040078 	0.037857 	-0.038058 	-0.009287 	0.012518 	0.021503 	
-0.041693 	0.036847 	-0.002423 	0.034121 	0.017767 	-0.039775 	0.042702 	-0.008783 	0.028670 	-0.006562 	
-0.006562 	0.003634 	0.038462 	-0.026752 	-0.012619 	-0.002019 	0.023320 	-0.034828 	0.042097 	0.044519 	
-0.048154 	0.023925 	-0.043914 	-0.030891 	-0.030790 	0.046639 	-0.043510 	-0.018272 	0.022411 	-0.045832 	
-0.047245 	0.031194 	-0.023925 	0.036342 	0.014941 	0.044317 	0.047144 	0.042702 	-0.014941 	-0.040078 	
-0.014335 	-0.036342 	0.014133 	-0.026348 	-0.012619 	-0.013426 	0.022108 	-0.039775 	0.002221 	0.013830 	
-0.045630 	0.040078 	0.022815 	-0.003533 	-0.005653 	0.042601 	-0.007369 	0.001312 	0.009388 	0.000202 	
0.041491 	0.012619 	-0.019080 	-0.032910 	0.034121 	-0.019080 	-0.039068 	-0.034626 	-0.026853 	0.032102 	
0.011307 	0.009388 	-0.019181 	0.010499 	-0.031900 	0.018676 	0.047548 	-0.024632 	-0.035939 	0.034929 	
0.039674 	0.004442 	0.024531 	0.047548 	-0.049567 	0.003937 	-0.025742 	0.029074 	-0.045125 	0.034121 	
-0.021200 	0.046841 	0.031900 	0.045832 	-0.000909 	0.015546 	-0.023723 	0.010499 	-0.034020 	0.000000 	
0.027661 	0.027761 	-0.005552 	-0.041996 	-0.012114 	0.013023 	-0.038159 	-0.015042 	0.038866 	-0.023623 	
-0.030588 	-0.037352 	-0.034121 	-0.020897 	-0.004644 	-0.033213 	0.033516 	0.020089 	-0.019080 	-0.026550 	
0.003836 	0.010297 	0.005451 	0.020796 	0.041188 	-0.045933 	0.021402 	-0.033011 	-0.050374 	0.037857 	
-0.047952 	-0.037554 	-0.050274 	-0.003029 	0.006461 	-0.011912 	-0.040380 	0.018777 	-0.041794 	-0.016455 	
-0.019786 	0.013628 	-0.003230 	-0.003432 	-0.022209 	0.042601 	0.049365 	-0.003533 	0.047750 	-0.020089 	
-0.045024 	0.036645 	-0.024733 	0.010903 	0.006966 	-0.034020 	-0.049971 	-0.022108 	0.018979 	-0.014234 	
0.000808 	0.021603 	0.034222 	0.036645 	-0.031900 	-0.009792 	-0.025742 	0.013729 	-0.041390 	0.018474 	
0.047851 	0.024834 	0.017263 	0.029680 	-0.028973 	0.045529 	-0.043611 	0.005451 	0.027055 	-0.010802 	
0.035838 	0.032607 	-0.024531 	-0.003836 	0.028569 	-0.032506 	0.048154 	-0.036241 	0.031497 	0.016758 	
0.000000 	-0.018171 	-0.012114 	-0.016253 	-0.032001 	0.041996 	-0.040986 	0.028367 	0.040885 	-0.031900 	
